# Photoabsorption spectrum from real-time propagation
# GPAW version: 19.8.1
# Total time = 44.9700 fs, Time steps = [30.0000] as
# Kick = [1e-05, 0, 0]
# Gaussian folding, Width = 0.0600 eV = 0.002205 Hartree <=> FWHM = 0.141289 eV
#    om (eV)                  S_x                  S_y                  S_z
    0.000000     0.0000000000e+00     0.0000000000e+00     0.0000000000e+00
    0.050000    -2.2804696917e-03    -0.0000000000e+00    -0.0000000000e+00
    0.100000    -4.9708671185e-03    -0.0000000000e+00    -0.0000000000e+00
    0.150000    -5.1638373604e-03    -0.0000000000e+00    -0.0000000000e+00
    0.200000    -4.7242524875e-03    -0.0000000000e+00    -0.0000000000e+00
    0.250000    -4.4847939138e-03    -0.0000000000e+00    -0.0000000000e+00
    0.300000    -4.4843611946e-03    -0.0000000000e+00    -0.0000000000e+00
    0.350000    -4.4303500728e-03    -0.0000000000e+00    -0.0000000000e+00
    0.400000    -4.4285213080e-03    -0.0000000000e+00    -0.0000000000e+00
    0.450000    -4.3231809916e-03    -0.0000000000e+00    -0.0000000000e+00
    0.500000    -4.3456538455e-03    -0.0000000000e+00    -0.0000000000e+00
    0.550000    -4.3628973632e-03    -0.0000000000e+00    -0.0000000000e+00
    0.600000    -4.4191862851e-03    -0.0000000000e+00    -0.0000000000e+00
    0.650000    -4.5362127243e-03    -0.0000000000e+00    -0.0000000000e+00
    0.700000    -4.5777879868e-03    -0.0000000000e+00    -0.0000000000e+00
    0.750000    -4.7708957309e-03    -0.0000000000e+00    -0.0000000000e+00
    0.800000    -4.7093674855e-03    -0.0000000000e+00    -0.0000000000e+00
    0.850000    -4.8880397072e-03    -0.0000000000e+00    -0.0000000000e+00
    0.900000    -4.8733243955e-03    -0.0000000000e+00    -0.0000000000e+00
    0.950000    -5.2219344472e-03    -0.0000000000e+00    -0.0000000000e+00
    1.000000    -5.2626798355e-03    -0.0000000000e+00    -0.0000000000e+00
    1.050000    -4.3753281677e-03    -0.0000000000e+00    -0.0000000000e+00
    1.100000     6.9940790915e-03    -0.0000000000e+00    -0.0000000000e+00
    1.150000     5.5578624697e-02    -0.0000000000e+00    -0.0000000000e+00
    1.200000     1.3931794144e-01     0.0000000000e+00    -0.0000000000e+00
    1.250000     1.6550903385e-01     0.0000000000e+00    -0.0000000000e+00
    1.300000     9.5807071267e-02     0.0000000000e+00    -0.0000000000e+00
    1.350000     2.4447241770e-02     0.0000000000e+00    -0.0000000000e+00
    1.400000    -3.7702899896e-03    -0.0000000000e+00    -0.0000000000e+00
    1.450000    -8.7085046230e-03    -0.0000000000e+00    -0.0000000000e+00
    1.500000     2.8384262331e-03    -0.0000000000e+00    -0.0000000000e+00
    1.550000     5.0702974473e-02     0.0000000000e+00    -0.0000000000e+00
    1.600000     1.3446382974e-01     0.0000000000e+00    -0.0000000000e+00
    1.650000     3.1611972029e-01     0.0000000000e+00    -0.0000000000e+00
    1.700000     7.5973050777e-01     0.0000000000e+00     0.0000000000e+00
    1.750000     1.2180200853e+00     0.0000000000e+00     0.0000000000e+00
    1.800000     1.1274386798e+00    -0.0000000000e+00     0.0000000000e+00
    1.850000     5.9728814977e-01    -0.0000000000e+00     0.0000000000e+00
    1.900000     1.7718423147e-01     0.0000000000e+00    -0.0000000000e+00
    1.950000     2.1501135181e-02     0.0000000000e+00    -0.0000000000e+00
    2.000000    -7.4967618971e-03    -0.0000000000e+00    -0.0000000000e+00
    2.050000    -6.7688584827e-03    -0.0000000000e+00    -0.0000000000e+00
    2.100000    -2.2182126929e-03     0.0000000000e+00    -0.0000000000e+00
    2.150000    -2.9457934606e-03     0.0000000000e+00     0.0000000000e+00
    2.200000    -3.5397712684e-03     0.0000000000e+00     0.0000000000e+00
    2.250000     6.0369799537e-03     0.0000000000e+00    -0.0000000000e+00
    2.300000     8.2419232247e-02     0.0000000000e+00    -0.0000000000e+00
    2.350000     3.8748034769e-01     0.0000000000e+00    -0.0000000000e+00
    2.400000     8.7102458620e-01     0.0000000000e+00    -0.0000000000e+00
    2.450000     1.0149802752e+00     0.0000000000e+00    -0.0000000000e+00
    2.500000     1.0996174386e+00     0.0000000000e+00     0.0000000000e+00
    2.550000     3.9798772098e+00     0.0000000000e+00     0.0000000000e+00
    2.600000     1.3458056044e+01     0.0000000000e+00     0.0000000000e+00
    2.650000     2.4709825885e+01     0.0000000000e+00     0.0000000000e+00
    2.700000     2.6290290696e+01    -0.0000000000e+00     0.0000000000e+00
    2.750000     1.9642009700e+01    -0.0000000000e+00     0.0000000000e+00
    2.800000     1.1501355815e+01     0.0000000000e+00     0.0000000000e+00
    2.850000     4.7743213949e+00     0.0000000000e+00     0.0000000000e+00
    2.900000     1.8337947691e+00     0.0000000000e+00     0.0000000000e+00
    2.950000     1.4398389816e+00     0.0000000000e+00     0.0000000000e+00
    3.000000     1.1060961525e+00     0.0000000000e+00     0.0000000000e+00
    3.050000     5.7817924995e-01    -0.0000000000e+00     0.0000000000e+00
    3.100000     4.4485370379e-01     0.0000000000e+00     0.0000000000e+00
    3.150000     4.6422091749e-01     0.0000000000e+00     0.0000000000e+00
    3.200000     2.9659518367e-01    -0.0000000000e+00     0.0000000000e+00
    3.250000     1.5475499254e-01    -0.0000000000e+00     0.0000000000e+00
    3.300000     3.8927839226e-01    -0.0000000000e+00     0.0000000000e+00
    3.350000     1.1753309354e+00     0.0000000000e+00     0.0000000000e+00
    3.400000     1.8493859272e+00     0.0000000000e+00     0.0000000000e+00
    3.450000     1.4856654665e+00     0.0000000000e+00     0.0000000000e+00
    3.500000     6.8506640685e-01     0.0000000000e+00     0.0000000000e+00
    3.550000     4.5866591950e-01    -0.0000000000e+00     0.0000000000e+00
    3.600000     7.7849078741e-01    -0.0000000000e+00     0.0000000000e+00
    3.650000     9.8218765074e-01     0.0000000000e+00     0.0000000000e+00
    3.700000     9.0345112298e-01     0.0000000000e+00     0.0000000000e+00
    3.750000     1.0822191521e+00     0.0000000000e+00     0.0000000000e+00
    3.800000     1.3637459421e+00     0.0000000000e+00    -0.0000000000e+00
    3.850000     1.4729320087e+00     0.0000000000e+00    -0.0000000000e+00
    3.900000     2.0170974624e+00     0.0000000000e+00     0.0000000000e+00
    3.950000     2.7395961268e+00     0.0000000000e+00     0.0000000000e+00
    4.000000     2.6083241053e+00    -0.0000000000e+00     0.0000000000e+00
    4.050000     1.7422194223e+00     0.0000000000e+00     0.0000000000e+00
    4.100000     9.8588318985e-01     0.0000000000e+00     0.0000000000e+00
    4.150000     5.9041142408e-01     0.0000000000e+00     0.0000000000e+00
    4.200000     5.0055646804e-01     0.0000000000e+00     0.0000000000e+00
    4.250000     5.9465127167e-01     0.0000000000e+00     0.0000000000e+00
    4.300000     5.1135818431e-01     0.0000000000e+00     0.0000000000e+00
    4.350000     2.5157578634e-01     0.0000000000e+00    -0.0000000000e+00
    4.400000     8.3347670846e-02     0.0000000000e+00    -0.0000000000e+00
    4.450000     8.8514286787e-02     0.0000000000e+00     0.0000000000e+00
    4.500000     2.7747738835e-01     0.0000000000e+00     0.0000000000e+00
    4.550000     6.0664993089e-01     0.0000000000e+00     0.0000000000e+00
    4.600000     8.6983076967e-01    -0.0000000000e+00     0.0000000000e+00
    4.650000     9.1205786679e-01    -0.0000000000e+00     0.0000000000e+00
    4.700000     7.2489621527e-01     0.0000000000e+00     0.0000000000e+00
    4.750000     4.1150420345e-01     0.0000000000e+00     0.0000000000e+00
    4.800000     2.0431983826e-01     0.0000000000e+00     0.0000000000e+00
    4.850000     1.6514099081e-01     0.0000000000e+00     0.0000000000e+00
    4.900000     1.7549384478e-01     0.0000000000e+00     0.0000000000e+00
    4.950000     2.0578472719e-01     0.0000000000e+00     0.0000000000e+00
    5.000000     3.2071699814e-01     0.0000000000e+00     0.0000000000e+00
    5.050000     5.5565881765e-01    -0.0000000000e+00     0.0000000000e+00
    5.100000     8.6374520373e-01    -0.0000000000e+00     0.0000000000e+00
    5.150000     9.5388690821e-01     0.0000000000e+00     0.0000000000e+00
    5.200000     6.9423384565e-01     0.0000000000e+00     0.0000000000e+00
    5.250000     3.7945880670e-01     0.0000000000e+00    -0.0000000000e+00
    5.300000     2.0740112981e-01     0.0000000000e+00    -0.0000000000e+00
    5.350000     1.4477468633e-01     0.0000000000e+00    -0.0000000000e+00
    5.400000     1.1380118236e-01    -0.0000000000e+00     0.0000000000e+00
    5.450000     8.6003165466e-02    -0.0000000000e+00     0.0000000000e+00
    5.500000     8.3544369548e-02     0.0000000000e+00     0.0000000000e+00
    5.550000     1.2453802308e-01     0.0000000000e+00     0.0000000000e+00
    5.600000     1.8021381069e-01     0.0000000000e+00     0.0000000000e+00
    5.650000     2.1889415377e-01     0.0000000000e+00     0.0000000000e+00
    5.700000     2.1109656043e-01     0.0000000000e+00     0.0000000000e+00
    5.750000     1.5596577951e-01     0.0000000000e+00     0.0000000000e+00
    5.800000     1.1553262526e-01     0.0000000000e+00     0.0000000000e+00
    5.850000     1.4152440005e-01    -0.0000000000e+00     0.0000000000e+00
    5.900000     1.8907713340e-01    -0.0000000000e+00     0.0000000000e+00
    5.950000     1.7066763855e-01    -0.0000000000e+00     0.0000000000e+00
    6.000000     1.1227102136e-01    -0.0000000000e+00     0.0000000000e+00
    6.050000     9.9524819034e-02    -0.0000000000e+00     0.0000000000e+00
    6.100000     1.2696575978e-01     0.0000000000e+00     0.0000000000e+00
    6.150000     1.2968142223e-01     0.0000000000e+00    -0.0000000000e+00
    6.200000     1.1804079198e-01     0.0000000000e+00    -0.0000000000e+00
    6.250000     1.4983183941e-01     0.0000000000e+00    -0.0000000000e+00
    6.300000     2.0753059284e-01     0.0000000000e+00    -0.0000000000e+00
    6.350000     2.0419932201e-01     0.0000000000e+00     0.0000000000e+00
    6.400000     1.4254480181e-01     0.0000000000e+00     0.0000000000e+00
    6.450000     9.7541518899e-02     0.0000000000e+00     0.0000000000e+00
    6.500000     7.0744037191e-02     0.0000000000e+00     0.0000000000e+00
    6.550000     4.6656221210e-02    -0.0000000000e+00     0.0000000000e+00
    6.600000     3.5878573039e-02    -0.0000000000e+00     0.0000000000e+00
    6.650000     3.4991871747e-02     0.0000000000e+00     0.0000000000e+00
    6.700000     3.0089079831e-02     0.0000000000e+00     0.0000000000e+00
    6.750000     3.0824383727e-02     0.0000000000e+00     0.0000000000e+00
    6.800000     4.5018222391e-02    -0.0000000000e+00    -0.0000000000e+00
    6.850000     6.1914822558e-02     0.0000000000e+00     0.0000000000e+00
    6.900000     8.1905239072e-02     0.0000000000e+00     0.0000000000e+00
    6.950000     1.0369764612e-01     0.0000000000e+00     0.0000000000e+00
    7.000000     1.0395477425e-01     0.0000000000e+00     0.0000000000e+00
    7.050000     8.5112689928e-02     0.0000000000e+00     0.0000000000e+00
    7.100000     6.4889486105e-02     0.0000000000e+00     0.0000000000e+00
    7.150000     4.5525188902e-02     0.0000000000e+00    -0.0000000000e+00
    7.200000     3.2954019057e-02    -0.0000000000e+00    -0.0000000000e+00
    7.250000     2.5489793895e-02    -0.0000000000e+00     0.0000000000e+00
    7.300000     2.2067643302e-02    -0.0000000000e+00     0.0000000000e+00
    7.350000     2.6248264774e-02     0.0000000000e+00     0.0000000000e+00
    7.400000     3.2211472495e-02     0.0000000000e+00     0.0000000000e+00
    7.450000     3.1229087806e-02     0.0000000000e+00     0.0000000000e+00
    7.500000     2.6878487610e-02     0.0000000000e+00     0.0000000000e+00
    7.550000     2.5495686750e-02     0.0000000000e+00    -0.0000000000e+00
    7.600000     2.7278099006e-02     0.0000000000e+00    -0.0000000000e+00
    7.650000     2.9082022708e-02     0.0000000000e+00     0.0000000000e+00
    7.700000     2.5918056533e-02     0.0000000000e+00     0.0000000000e+00
    7.750000     1.9760967534e-02    -0.0000000000e+00     0.0000000000e+00
    7.800000     1.4175801321e-02    -0.0000000000e+00    -0.0000000000e+00
    7.850000     1.2755520941e-02     0.0000000000e+00    -0.0000000000e+00
    7.900000     1.5771048825e-02     0.0000000000e+00    -0.0000000000e+00
    7.950000     2.2157091972e-02    -0.0000000000e+00    -0.0000000000e+00
    8.000000     2.8980732707e-02     0.0000000000e+00     0.0000000000e+00
    8.050000     3.1542806108e-02     0.0000000000e+00     0.0000000000e+00
    8.100000     2.8763601771e-02     0.0000000000e+00     0.0000000000e+00
    8.150000     2.4648567094e-02     0.0000000000e+00     0.0000000000e+00
    8.200000     2.2850486570e-02     0.0000000000e+00     0.0000000000e+00
    8.250000     2.2343522121e-02     0.0000000000e+00     0.0000000000e+00
    8.300000     2.2921259724e-02     0.0000000000e+00     0.0000000000e+00
    8.350000     2.4043978145e-02     0.0000000000e+00     0.0000000000e+00
    8.400000     2.6439160521e-02     0.0000000000e+00     0.0000000000e+00
    8.450000     2.5901197297e-02     0.0000000000e+00     0.0000000000e+00
    8.500000     2.0028957990e-02     0.0000000000e+00     0.0000000000e+00
    8.550000     1.3864064038e-02     0.0000000000e+00     0.0000000000e+00
    8.600000     1.3110844215e-02     0.0000000000e+00     0.0000000000e+00
    8.650000     1.5464119684e-02     0.0000000000e+00     0.0000000000e+00
    8.700000     1.5307825642e-02     0.0000000000e+00     0.0000000000e+00
    8.750000     1.4530354871e-02     0.0000000000e+00    -0.0000000000e+00
    8.800000     1.4922638048e-02    -0.0000000000e+00    -0.0000000000e+00
    8.850000     1.5660860139e-02    -0.0000000000e+00    -0.0000000000e+00
    8.900000     1.4137930485e-02     0.0000000000e+00     0.0000000000e+00
    8.950000     1.1183541233e-02     0.0000000000e+00     0.0000000000e+00
    9.000000     9.9016549582e-03     0.0000000000e+00     0.0000000000e+00
    9.050000     1.2381719109e-02     0.0000000000e+00     0.0000000000e+00
    9.100000     1.5912684131e-02     0.0000000000e+00     0.0000000000e+00
    9.150000     1.8301403769e-02     0.0000000000e+00    -0.0000000000e+00
    9.200000     1.9483672415e-02     0.0000000000e+00     0.0000000000e+00
    9.250000     1.9617539522e-02     0.0000000000e+00     0.0000000000e+00
    9.300000     1.9055321205e-02    -0.0000000000e+00     0.0000000000e+00
    9.350000     1.6436961438e-02    -0.0000000000e+00     0.0000000000e+00
    9.400000     1.3743805845e-02    -0.0000000000e+00     0.0000000000e+00
    9.450000     1.2377840743e-02     0.0000000000e+00     0.0000000000e+00
    9.500000     1.3164493751e-02     0.0000000000e+00     0.0000000000e+00
    9.550000     1.3856954271e-02     0.0000000000e+00     0.0000000000e+00
    9.600000     1.2379871089e-02     0.0000000000e+00     0.0000000000e+00
    9.650000     1.0395881265e-02     0.0000000000e+00    -0.0000000000e+00
    9.700000     1.0712193536e-02     0.0000000000e+00    -0.0000000000e+00
    9.750000     1.1727407216e-02     0.0000000000e+00    -0.0000000000e+00
    9.800000     1.0759891257e-02     0.0000000000e+00     0.0000000000e+00
    9.850000     9.8194762108e-03     0.0000000000e+00     0.0000000000e+00
    9.900000     1.2049661210e-02    -0.0000000000e+00     0.0000000000e+00
    9.950000     1.7385343147e-02     0.0000000000e+00     0.0000000000e+00
   10.000000     1.9586546700e-02     0.0000000000e+00     0.0000000000e+00
   10.050000     1.5362077804e-02     0.0000000000e+00     0.0000000000e+00
   10.100000     8.8016686277e-03     0.0000000000e+00     0.0000000000e+00
   10.150000     6.7124314237e-03    -0.0000000000e+00     0.0000000000e+00
   10.200000     8.6953893578e-03    -0.0000000000e+00     0.0000000000e+00
   10.250000     9.2122970295e-03    -0.0000000000e+00     0.0000000000e+00
   10.300000     6.4899312278e-03     0.0000000000e+00     0.0000000000e+00
   10.350000     4.6585818333e-03     0.0000000000e+00     0.0000000000e+00
   10.400000     6.6686496272e-03     0.0000000000e+00     0.0000000000e+00
   10.450000     9.0157422857e-03     0.0000000000e+00     0.0000000000e+00
   10.500000     9.6862085646e-03     0.0000000000e+00    -0.0000000000e+00
   10.550000     1.0170396471e-02     0.0000000000e+00    -0.0000000000e+00
   10.600000     1.2495078293e-02     0.0000000000e+00     0.0000000000e+00
   10.650000     1.4442607924e-02    -0.0000000000e+00     0.0000000000e+00
   10.700000     1.3921862769e-02    -0.0000000000e+00     0.0000000000e+00
   10.750000     1.1485081239e-02     0.0000000000e+00     0.0000000000e+00
   10.800000     9.7637894947e-03     0.0000000000e+00     0.0000000000e+00
   10.850000     8.9291643166e-03     0.0000000000e+00     0.0000000000e+00
   10.900000     8.1475180955e-03     0.0000000000e+00    -0.0000000000e+00
   10.950000     9.6635626676e-03     0.0000000000e+00    -0.0000000000e+00
   11.000000     1.3492603412e-02     0.0000000000e+00    -0.0000000000e+00
   11.050000     1.6208135002e-02    -0.0000000000e+00     0.0000000000e+00
   11.100000     1.4369293834e-02    -0.0000000000e+00     0.0000000000e+00
   11.150000     1.0960155087e-02     0.0000000000e+00     0.0000000000e+00
   11.200000     9.8564321417e-03     0.0000000000e+00     0.0000000000e+00
   11.250000     1.1032344186e-02     0.0000000000e+00     0.0000000000e+00
   11.300000     1.1996475198e-02     0.0000000000e+00     0.0000000000e+00
   11.350000     1.2272871160e-02     0.0000000000e+00    -0.0000000000e+00
   11.400000     1.2983728490e-02     0.0000000000e+00     0.0000000000e+00
   11.450000     1.3904220495e-02     0.0000000000e+00     0.0000000000e+00
   11.500000     1.4455622942e-02     0.0000000000e+00     0.0000000000e+00
   11.550000     1.4785326814e-02     0.0000000000e+00     0.0000000000e+00
   11.600000     1.5136400822e-02     0.0000000000e+00     0.0000000000e+00
   11.650000     1.5182409496e-02     0.0000000000e+00     0.0000000000e+00
   11.700000     1.5589635150e-02     0.0000000000e+00     0.0000000000e+00
   11.750000     1.3518033668e-02     0.0000000000e+00    -0.0000000000e+00
   11.800000     9.1890680655e-03     0.0000000000e+00    -0.0000000000e+00
   11.850000     6.1285255075e-03     0.0000000000e+00    -0.0000000000e+00
   11.900000     6.1252315771e-03     0.0000000000e+00     0.0000000000e+00
   11.950000     7.5106995331e-03    -0.0000000000e+00     0.0000000000e+00
   12.000000     9.1026123795e-03    -0.0000000000e+00    -0.0000000000e+00
   12.050000     1.2661418786e-02    -0.0000000000e+00    -0.0000000000e+00
   12.100000     1.8192449557e-02     0.0000000000e+00    -0.0000000000e+00
   12.150000     2.2766288109e-02     0.0000000000e+00     0.0000000000e+00
   12.200000     2.4393733222e-02     0.0000000000e+00     0.0000000000e+00
   12.250000     2.3960161346e-02     0.0000000000e+00     0.0000000000e+00
   12.300000     2.0533950040e-02     0.0000000000e+00     0.0000000000e+00
   12.350000     1.5962896641e-02     0.0000000000e+00     0.0000000000e+00
   12.400000     1.2927665009e-02     0.0000000000e+00     0.0000000000e+00
   12.450000     1.2019672830e-02     0.0000000000e+00     0.0000000000e+00
   12.500000     1.2773717527e-02     0.0000000000e+00     0.0000000000e+00
   12.550000     1.3589762681e-02     0.0000000000e+00     0.0000000000e+00
   12.600000     1.3143968275e-02     0.0000000000e+00     0.0000000000e+00
   12.650000     1.2525953179e-02     0.0000000000e+00     0.0000000000e+00
   12.700000     1.2612920821e-02     0.0000000000e+00     0.0000000000e+00
   12.750000     1.3483495841e-02     0.0000000000e+00     0.0000000000e+00
   12.800000     1.4768889957e-02    -0.0000000000e+00     0.0000000000e+00
   12.850000     1.4391053394e-02    -0.0000000000e+00     0.0000000000e+00
   12.900000     1.2629487904e-02     0.0000000000e+00     0.0000000000e+00
   12.950000     9.8118458356e-03     0.0000000000e+00     0.0000000000e+00
   13.000000     8.1474688608e-03     0.0000000000e+00     0.0000000000e+00
   13.050000     9.0239194364e-03    -0.0000000000e+00     0.0000000000e+00
   13.100000     1.1623736656e-02     0.0000000000e+00     0.0000000000e+00
   13.150000     1.5223709364e-02     0.0000000000e+00     0.0000000000e+00
   13.200000     1.8475757614e-02     0.0000000000e+00     0.0000000000e+00
   13.250000     1.7791545898e-02     0.0000000000e+00     0.0000000000e+00
   13.300000     1.2466682490e-02    -0.0000000000e+00     0.0000000000e+00
   13.350000     7.0118468657e-03    -0.0000000000e+00     0.0000000000e+00
   13.400000     4.1629670644e-03     0.0000000000e+00    -0.0000000000e+00
   13.450000     5.0513629858e-03     0.0000000000e+00    -0.0000000000e+00
   13.500000     8.8220174151e-03     0.0000000000e+00    -0.0000000000e+00
   13.550000     1.3974173393e-02     0.0000000000e+00    -0.0000000000e+00
   13.600000     1.7126547719e-02     0.0000000000e+00     0.0000000000e+00
   13.650000     1.8691664178e-02    -0.0000000000e+00     0.0000000000e+00
   13.700000     1.9105920043e-02    -0.0000000000e+00     0.0000000000e+00
   13.750000     1.6658015199e-02    -0.0000000000e+00     0.0000000000e+00
   13.800000     1.3689726026e-02     0.0000000000e+00     0.0000000000e+00
   13.850000     1.2254878815e-02     0.0000000000e+00     0.0000000000e+00
   13.900000     1.2241485607e-02     0.0000000000e+00     0.0000000000e+00
   13.950000     1.1984017484e-02     0.0000000000e+00     0.0000000000e+00
   14.000000     1.2031889598e-02     0.0000000000e+00     0.0000000000e+00
   14.050000     1.2745296979e-02     0.0000000000e+00     0.0000000000e+00
   14.100000     1.2336242287e-02     0.0000000000e+00     0.0000000000e+00
   14.150000     9.5931608466e-03    -0.0000000000e+00    -0.0000000000e+00
   14.200000     8.6451412105e-03    -0.0000000000e+00    -0.0000000000e+00
   14.250000     1.0946757339e-02     0.0000000000e+00    -0.0000000000e+00
   14.300000     1.3184659363e-02     0.0000000000e+00    -0.0000000000e+00
   14.350000     1.3878647756e-02     0.0000000000e+00    -0.0000000000e+00
   14.400000     1.2926127223e-02     0.0000000000e+00    -0.0000000000e+00
   14.450000     1.1113161840e-02     0.0000000000e+00    -0.0000000000e+00
   14.500000     8.8300484900e-03     0.0000000000e+00     0.0000000000e+00
   14.550000     8.8302785343e-03     0.0000000000e+00     0.0000000000e+00
   14.600000     1.1407368708e-02     0.0000000000e+00     0.0000000000e+00
   14.650000     1.4303271622e-02     0.0000000000e+00     0.0000000000e+00
   14.700000     1.6854406331e-02    -0.0000000000e+00     0.0000000000e+00
   14.750000     2.0932875333e-02     0.0000000000e+00     0.0000000000e+00
   14.800000     2.4838979812e-02     0.0000000000e+00     0.0000000000e+00
   14.850000     2.3208683189e-02    -0.0000000000e+00    -0.0000000000e+00
   14.900000     1.5901621286e-02    -0.0000000000e+00     0.0000000000e+00
   14.950000     9.6384087608e-03    -0.0000000000e+00     0.0000000000e+00
   15.000000     8.9727541278e-03    -0.0000000000e+00     0.0000000000e+00
   15.050000     1.0984368916e-02    -0.0000000000e+00     0.0000000000e+00
   15.100000     1.2117082742e-02    -0.0000000000e+00     0.0000000000e+00
   15.150000     1.1372696435e-02    -0.0000000000e+00     0.0000000000e+00
   15.200000     1.0965652197e-02    -0.0000000000e+00     0.0000000000e+00
   15.250000     1.1969037639e-02     0.0000000000e+00     0.0000000000e+00
   15.300000     1.3602098946e-02     0.0000000000e+00     0.0000000000e+00
   15.350000     1.4482535910e-02     0.0000000000e+00     0.0000000000e+00
   15.400000     1.4421753620e-02     0.0000000000e+00     0.0000000000e+00
   15.450000     1.4541976119e-02     0.0000000000e+00     0.0000000000e+00
   15.500000     1.6307214568e-02     0.0000000000e+00     0.0000000000e+00
   15.550000     1.7495644815e-02     0.0000000000e+00     0.0000000000e+00
   15.600000     1.4973606456e-02    -0.0000000000e+00    -0.0000000000e+00
   15.650000     1.2178300985e-02    -0.0000000000e+00    -0.0000000000e+00
   15.700000     1.1769323041e-02     0.0000000000e+00    -0.0000000000e+00
   15.750000     1.3469231469e-02     0.0000000000e+00    -0.0000000000e+00
   15.800000     1.5010930196e-02     0.0000000000e+00     0.0000000000e+00
   15.850000     1.5474434333e-02     0.0000000000e+00     0.0000000000e+00
   15.900000     1.5485525002e-02     0.0000000000e+00     0.0000000000e+00
   15.950000     1.5891680199e-02     0.0000000000e+00     0.0000000000e+00
   16.000000     1.6774473505e-02    -0.0000000000e+00     0.0000000000e+00
   16.050000     1.7658106417e-02    -0.0000000000e+00     0.0000000000e+00
   16.100000     1.7859700756e-02    -0.0000000000e+00     0.0000000000e+00
   16.150000     1.6400704805e-02     0.0000000000e+00     0.0000000000e+00
   16.200000     1.4463546353e-02     0.0000000000e+00     0.0000000000e+00
   16.250000     1.2902196167e-02     0.0000000000e+00    -0.0000000000e+00
   16.300000     1.3852123220e-02     0.0000000000e+00     0.0000000000e+00
   16.350000     1.6521688454e-02     0.0000000000e+00     0.0000000000e+00
   16.400000     1.7986015830e-02     0.0000000000e+00     0.0000000000e+00
   16.450000     1.8352471279e-02     0.0000000000e+00     0.0000000000e+00
   16.500000     2.0441419919e-02     0.0000000000e+00     0.0000000000e+00
   16.550000     2.4781622134e-02     0.0000000000e+00     0.0000000000e+00
   16.600000     2.6613891955e-02     0.0000000000e+00     0.0000000000e+00
   16.650000     2.4060486090e-02     0.0000000000e+00     0.0000000000e+00
   16.700000     2.0398475383e-02     0.0000000000e+00     0.0000000000e+00
   16.750000     1.7455466933e-02     0.0000000000e+00     0.0000000000e+00
   16.800000     1.4830166645e-02     0.0000000000e+00     0.0000000000e+00
   16.850000     1.3734935282e-02     0.0000000000e+00     0.0000000000e+00
   16.900000     1.3856119014e-02     0.0000000000e+00    -0.0000000000e+00
   16.950000     1.4190106592e-02     0.0000000000e+00    -0.0000000000e+00
   17.000000     1.4454702148e-02     0.0000000000e+00    -0.0000000000e+00
   17.050000     1.4118697064e-02     0.0000000000e+00     0.0000000000e+00
   17.100000     1.2724929850e-02    -0.0000000000e+00    -0.0000000000e+00
   17.150000     1.1821326271e-02    -0.0000000000e+00    -0.0000000000e+00
   17.200000     1.2794814993e-02    -0.0000000000e+00    -0.0000000000e+00
   17.250000     1.4143900407e-02    -0.0000000000e+00    -0.0000000000e+00
   17.300000     1.4169906200e-02     0.0000000000e+00     0.0000000000e+00
   17.350000     1.3242049711e-02     0.0000000000e+00     0.0000000000e+00
   17.400000     1.3025806120e-02     0.0000000000e+00     0.0000000000e+00
   17.450000     1.2441448144e-02     0.0000000000e+00     0.0000000000e+00
   17.500000     1.1041308446e-02    -0.0000000000e+00     0.0000000000e+00
   17.550000     9.8428516819e-03    -0.0000000000e+00    -0.0000000000e+00
   17.600000     1.0391671272e-02     0.0000000000e+00    -0.0000000000e+00
   17.650000     1.1497446017e-02     0.0000000000e+00     0.0000000000e+00
   17.700000     1.1611306693e-02     0.0000000000e+00     0.0000000000e+00
   17.750000     1.1514015010e-02     0.0000000000e+00     0.0000000000e+00
   17.800000     1.0496879568e-02     0.0000000000e+00     0.0000000000e+00
   17.850000     8.9463699727e-03     0.0000000000e+00     0.0000000000e+00
   17.900000     8.5334205226e-03     0.0000000000e+00     0.0000000000e+00
   17.950000     1.0761676459e-02     0.0000000000e+00     0.0000000000e+00
   18.000000     1.5230155150e-02     0.0000000000e+00     0.0000000000e+00
   18.050000     1.9232385524e-02    -0.0000000000e+00     0.0000000000e+00
   18.100000     1.8804543177e-02     0.0000000000e+00    -0.0000000000e+00
   18.150000     1.5217653368e-02     0.0000000000e+00     0.0000000000e+00
   18.200000     1.1930672933e-02     0.0000000000e+00     0.0000000000e+00
   18.250000     1.0038818511e-02     0.0000000000e+00     0.0000000000e+00
   18.300000     9.2179513054e-03     0.0000000000e+00     0.0000000000e+00
   18.350000     8.8700506009e-03     0.0000000000e+00     0.0000000000e+00
   18.400000     9.9048715518e-03    -0.0000000000e+00    -0.0000000000e+00
   18.450000     1.1905891604e-02     0.0000000000e+00    -0.0000000000e+00
   18.500000     1.4455629295e-02     0.0000000000e+00     0.0000000000e+00
   18.550000     1.6648980717e-02     0.0000000000e+00     0.0000000000e+00
   18.600000     1.7141949882e-02    -0.0000000000e+00     0.0000000000e+00
   18.650000     1.6222188756e-02    -0.0000000000e+00     0.0000000000e+00
   18.700000     1.5395959162e-02    -0.0000000000e+00     0.0000000000e+00
   18.750000     1.3453179854e-02     0.0000000000e+00     0.0000000000e+00
   18.800000     1.0812819920e-02    -0.0000000000e+00     0.0000000000e+00
   18.850000     9.8772042453e-03     0.0000000000e+00     0.0000000000e+00
   18.900000     1.0283910262e-02     0.0000000000e+00     0.0000000000e+00
   18.950000     1.0871020614e-02     0.0000000000e+00     0.0000000000e+00
   19.000000     1.0961886871e-02     0.0000000000e+00     0.0000000000e+00
   19.050000     1.1718237121e-02     0.0000000000e+00     0.0000000000e+00
   19.100000     1.3924800470e-02     0.0000000000e+00     0.0000000000e+00
   19.150000     1.7253996586e-02     0.0000000000e+00     0.0000000000e+00
   19.200000     1.9629110649e-02     0.0000000000e+00     0.0000000000e+00
   19.250000     1.8598328066e-02     0.0000000000e+00     0.0000000000e+00
   19.300000     1.3847950415e-02     0.0000000000e+00     0.0000000000e+00
   19.350000     9.5437980894e-03     0.0000000000e+00    -0.0000000000e+00
   19.400000     8.7370391167e-03     0.0000000000e+00    -0.0000000000e+00
   19.450000     9.5860174435e-03     0.0000000000e+00    -0.0000000000e+00
   19.500000     1.0656428019e-02     0.0000000000e+00     0.0000000000e+00
   19.550000     1.3332978368e-02     0.0000000000e+00     0.0000000000e+00
   19.600000     1.8000955480e-02     0.0000000000e+00     0.0000000000e+00
   19.650000     2.1121082168e-02     0.0000000000e+00     0.0000000000e+00
   19.700000     2.1505231501e-02     0.0000000000e+00     0.0000000000e+00
   19.750000     2.0723263800e-02     0.0000000000e+00     0.0000000000e+00
   19.800000     2.3072572437e-02     0.0000000000e+00     0.0000000000e+00
   19.850000     2.6130771305e-02     0.0000000000e+00     0.0000000000e+00
   19.900000     2.4904776824e-02     0.0000000000e+00     0.0000000000e+00
   19.950000     2.1767241474e-02    -0.0000000000e+00     0.0000000000e+00
   20.000000     1.8917658285e-02    -0.0000000000e+00    -0.0000000000e+00
   20.050000     1.7394800154e-02     0.0000000000e+00    -0.0000000000e+00
   20.100000     1.7442406117e-02     0.0000000000e+00    -0.0000000000e+00
   20.150000     1.6879620690e-02     0.0000000000e+00    -0.0000000000e+00
   20.200000     1.4028095124e-02    -0.0000000000e+00     0.0000000000e+00
   20.250000     1.3011969601e-02    -0.0000000000e+00     0.0000000000e+00
   20.300000     1.5145285383e-02     0.0000000000e+00     0.0000000000e+00
   20.350000     1.7082848693e-02     0.0000000000e+00     0.0000000000e+00
   20.400000     1.7841295972e-02     0.0000000000e+00     0.0000000000e+00
   20.450000     1.7277546962e-02     0.0000000000e+00     0.0000000000e+00
   20.500000     1.4046503082e-02     0.0000000000e+00     0.0000000000e+00
   20.550000     1.0493886654e-02     0.0000000000e+00     0.0000000000e+00
   20.600000     1.0095567866e-02     0.0000000000e+00     0.0000000000e+00
   20.650000     1.2175581566e-02     0.0000000000e+00     0.0000000000e+00
   20.700000     1.4760025379e-02    -0.0000000000e+00     0.0000000000e+00
   20.750000     1.6244980683e-02    -0.0000000000e+00     0.0000000000e+00
   20.800000     1.6332385896e-02    -0.0000000000e+00     0.0000000000e+00
   20.850000     1.4624020397e-02    -0.0000000000e+00     0.0000000000e+00
   20.900000     1.3608863448e-02    -0.0000000000e+00     0.0000000000e+00
   20.950000     1.4823395206e-02    -0.0000000000e+00     0.0000000000e+00
   21.000000     1.5614310534e-02     0.0000000000e+00     0.0000000000e+00
   21.050000     1.4513689784e-02     0.0000000000e+00     0.0000000000e+00
   21.100000     1.3458545814e-02     0.0000000000e+00     0.0000000000e+00
   21.150000     1.4117785035e-02     0.0000000000e+00     0.0000000000e+00
   21.200000     1.4831751292e-02     0.0000000000e+00    -0.0000000000e+00
   21.250000     1.4267521237e-02    -0.0000000000e+00    -0.0000000000e+00
   21.300000     1.2793438813e-02     0.0000000000e+00     0.0000000000e+00
   21.350000     1.1657888366e-02     0.0000000000e+00     0.0000000000e+00
   21.400000     1.1010964796e-02     0.0000000000e+00     0.0000000000e+00
   21.450000     1.1074476248e-02     0.0000000000e+00     0.0000000000e+00
   21.500000     1.1884238203e-02     0.0000000000e+00     0.0000000000e+00
   21.550000     1.3375322174e-02     0.0000000000e+00     0.0000000000e+00
   21.600000     1.3426424315e-02     0.0000000000e+00     0.0000000000e+00
   21.650000     1.0977944246e-02     0.0000000000e+00     0.0000000000e+00
   21.700000     8.6675559492e-03     0.0000000000e+00     0.0000000000e+00
   21.750000     8.0973689643e-03    -0.0000000000e+00     0.0000000000e+00
   21.800000     9.2647742464e-03    -0.0000000000e+00     0.0000000000e+00
   21.850000     1.0631410523e-02     0.0000000000e+00     0.0000000000e+00
   21.900000     1.1537429552e-02     0.0000000000e+00     0.0000000000e+00
   21.950000     1.1983190324e-02     0.0000000000e+00     0.0000000000e+00
   22.000000     1.1921483095e-02    -0.0000000000e+00     0.0000000000e+00
   22.050000     1.1220973139e-02    -0.0000000000e+00    -0.0000000000e+00
   22.100000     1.1329219505e-02     0.0000000000e+00    -0.0000000000e+00
   22.150000     1.2914031159e-02     0.0000000000e+00     0.0000000000e+00
   22.200000     1.4565834566e-02     0.0000000000e+00     0.0000000000e+00
   22.250000     1.4356369821e-02     0.0000000000e+00     0.0000000000e+00
   22.300000     1.1762882831e-02     0.0000000000e+00     0.0000000000e+00
   22.350000     8.4235271798e-03     0.0000000000e+00     0.0000000000e+00
   22.400000     6.4406061584e-03     0.0000000000e+00     0.0000000000e+00
   22.450000     7.1507743520e-03     0.0000000000e+00     0.0000000000e+00
   22.500000     8.8041575546e-03     0.0000000000e+00     0.0000000000e+00
   22.550000     1.0244190131e-02     0.0000000000e+00     0.0000000000e+00
   22.600000     1.1584805926e-02     0.0000000000e+00     0.0000000000e+00
   22.650000     1.2737650406e-02     0.0000000000e+00     0.0000000000e+00
   22.700000     1.2590146196e-02    -0.0000000000e+00     0.0000000000e+00
   22.750000     1.1531646778e-02    -0.0000000000e+00     0.0000000000e+00
   22.800000     1.0732306400e-02    -0.0000000000e+00     0.0000000000e+00
   22.850000     1.0226580857e-02     0.0000000000e+00     0.0000000000e+00
   22.900000     1.1439268655e-02     0.0000000000e+00    -0.0000000000e+00
   22.950000     1.4897126821e-02     0.0000000000e+00    -0.0000000000e+00
   23.000000     1.8287774784e-02     0.0000000000e+00    -0.0000000000e+00
   23.050000     1.8951453901e-02     0.0000000000e+00    -0.0000000000e+00
   23.100000     1.8113673848e-02    -0.0000000000e+00    -0.0000000000e+00
   23.150000     1.7272867092e-02    -0.0000000000e+00    -0.0000000000e+00
   23.200000     1.6248565253e-02     0.0000000000e+00    -0.0000000000e+00
   23.250000     1.4599482058e-02     0.0000000000e+00    -0.0000000000e+00
   23.300000     1.2959994217e-02     0.0000000000e+00    -0.0000000000e+00
   23.350000     1.1422602472e-02     0.0000000000e+00     0.0000000000e+00
   23.400000     1.0748920345e-02     0.0000000000e+00     0.0000000000e+00
   23.450000     1.1654273093e-02     0.0000000000e+00     0.0000000000e+00
   23.500000     1.2073965485e-02     0.0000000000e+00     0.0000000000e+00
   23.550000     1.2050086166e-02     0.0000000000e+00     0.0000000000e+00
   23.600000     1.2246786482e-02     0.0000000000e+00     0.0000000000e+00
   23.650000     1.2317543650e-02     0.0000000000e+00     0.0000000000e+00
   23.700000     1.2134062902e-02     0.0000000000e+00     0.0000000000e+00
   23.750000     1.2102937432e-02     0.0000000000e+00     0.0000000000e+00
   23.800000     1.1620212471e-02    -0.0000000000e+00     0.0000000000e+00
   23.850000     1.0365696170e-02    -0.0000000000e+00     0.0000000000e+00
   23.900000     8.6912642037e-03     0.0000000000e+00     0.0000000000e+00
   23.950000     7.4121632776e-03     0.0000000000e+00     0.0000000000e+00
   24.000000     7.3780392071e-03     0.0000000000e+00     0.0000000000e+00
   24.050000     8.3692953577e-03     0.0000000000e+00     0.0000000000e+00
   24.100000     1.0245365909e-02     0.0000000000e+00     0.0000000000e+00
   24.150000     1.2388901477e-02     0.0000000000e+00     0.0000000000e+00
   24.200000     1.4364270309e-02     0.0000000000e+00     0.0000000000e+00
   24.250000     1.5531024083e-02     0.0000000000e+00     0.0000000000e+00
   24.300000     1.6669733751e-02     0.0000000000e+00     0.0000000000e+00
   24.350000     1.8211821042e-02     0.0000000000e+00     0.0000000000e+00
   24.400000     1.8746626734e-02     0.0000000000e+00     0.0000000000e+00
   24.450000     1.7470351658e-02    -0.0000000000e+00    -0.0000000000e+00
   24.500000     1.5304912403e-02    -0.0000000000e+00    -0.0000000000e+00
   24.550000     1.3146056665e-02    -0.0000000000e+00    -0.0000000000e+00
   24.600000     1.1143724847e-02    -0.0000000000e+00     0.0000000000e+00
   24.650000     9.9644141826e-03    -0.0000000000e+00     0.0000000000e+00
   24.700000     9.6071754849e-03    -0.0000000000e+00     0.0000000000e+00
   24.750000     9.8117281298e-03     0.0000000000e+00     0.0000000000e+00
   24.800000     9.8724327313e-03     0.0000000000e+00     0.0000000000e+00
   24.850000     9.7062611765e-03     0.0000000000e+00     0.0000000000e+00
   24.900000     9.1477538136e-03     0.0000000000e+00     0.0000000000e+00
   24.950000     9.0880829637e-03     0.0000000000e+00     0.0000000000e+00
   25.000000     9.5230733590e-03    -0.0000000000e+00     0.0000000000e+00
   25.050000     9.8585364106e-03     0.0000000000e+00     0.0000000000e+00
   25.100000     1.0455522362e-02     0.0000000000e+00     0.0000000000e+00
   25.150000     1.0998044905e-02     0.0000000000e+00     0.0000000000e+00
   25.200000     1.0968213386e-02     0.0000000000e+00     0.0000000000e+00
   25.250000     9.7620097082e-03     0.0000000000e+00     0.0000000000e+00
   25.300000     8.2081405956e-03     0.0000000000e+00    -0.0000000000e+00
   25.350000     7.2955693349e-03    -0.0000000000e+00     0.0000000000e+00
   25.400000     8.0850607364e-03     0.0000000000e+00     0.0000000000e+00
   25.450000     1.0316668965e-02     0.0000000000e+00     0.0000000000e+00
   25.500000     1.1877291646e-02     0.0000000000e+00     0.0000000000e+00
   25.550000     1.1347704685e-02     0.0000000000e+00     0.0000000000e+00
   25.600000     1.0557841841e-02     0.0000000000e+00     0.0000000000e+00
   25.650000     1.1162288335e-02     0.0000000000e+00     0.0000000000e+00
   25.700000     1.2880593035e-02     0.0000000000e+00     0.0000000000e+00
   25.750000     1.4998729773e-02     0.0000000000e+00     0.0000000000e+00
   25.800000     1.5806634244e-02    -0.0000000000e+00     0.0000000000e+00
   25.850000     1.4135128821e-02    -0.0000000000e+00     0.0000000000e+00
   25.900000     1.1152715862e-02     0.0000000000e+00     0.0000000000e+00
   25.950000     9.7533661952e-03     0.0000000000e+00     0.0000000000e+00
   26.000000     9.6480378440e-03     0.0000000000e+00    -0.0000000000e+00
   26.050000     9.2174812743e-03     0.0000000000e+00    -0.0000000000e+00
   26.100000     8.7502911001e-03     0.0000000000e+00    -0.0000000000e+00
   26.150000     9.8821732653e-03     0.0000000000e+00    -0.0000000000e+00
   26.200000     1.2652293646e-02     0.0000000000e+00    -0.0000000000e+00
   26.250000     1.4669060598e-02     0.0000000000e+00    -0.0000000000e+00
   26.300000     1.5866487059e-02     0.0000000000e+00    -0.0000000000e+00
   26.350000     1.7656795077e-02     0.0000000000e+00    -0.0000000000e+00
   26.400000     1.7755973301e-02     0.0000000000e+00    -0.0000000000e+00
   26.450000     1.4574267761e-02     0.0000000000e+00     0.0000000000e+00
   26.500000     1.1904737873e-02     0.0000000000e+00     0.0000000000e+00
   26.550000     1.0948960931e-02     0.0000000000e+00     0.0000000000e+00
   26.600000     1.0898422430e-02     0.0000000000e+00     0.0000000000e+00
   26.650000     1.1790306697e-02     0.0000000000e+00     0.0000000000e+00
   26.700000     1.3288842704e-02     0.0000000000e+00     0.0000000000e+00
   26.750000     1.3949845363e-02    -0.0000000000e+00     0.0000000000e+00
   26.800000     1.2748967020e-02    -0.0000000000e+00     0.0000000000e+00
   26.850000     1.0916995726e-02    -0.0000000000e+00     0.0000000000e+00
   26.900000     9.6662221268e-03    -0.0000000000e+00     0.0000000000e+00
   26.950000     9.4182189090e-03    -0.0000000000e+00     0.0000000000e+00
   27.000000     9.3825660294e-03    -0.0000000000e+00     0.0000000000e+00
   27.050000     9.7725415839e-03    -0.0000000000e+00     0.0000000000e+00
   27.100000     1.0037233082e-02     0.0000000000e+00     0.0000000000e+00
   27.150000     9.3993424158e-03     0.0000000000e+00     0.0000000000e+00
   27.200000     8.1709859256e-03     0.0000000000e+00     0.0000000000e+00
   27.250000     7.3737959356e-03     0.0000000000e+00     0.0000000000e+00
   27.300000     8.0264091489e-03     0.0000000000e+00     0.0000000000e+00
   27.350000     9.7339329225e-03     0.0000000000e+00     0.0000000000e+00
   27.400000     1.0912030654e-02    -0.0000000000e+00     0.0000000000e+00
   27.450000     1.1266794689e-02     0.0000000000e+00     0.0000000000e+00
   27.500000     1.1168852798e-02     0.0000000000e+00     0.0000000000e+00
   27.550000     9.9214460391e-03     0.0000000000e+00     0.0000000000e+00
   27.600000     8.7260979366e-03     0.0000000000e+00     0.0000000000e+00
   27.650000     8.1607589807e-03     0.0000000000e+00     0.0000000000e+00
   27.700000     8.1481155584e-03    -0.0000000000e+00     0.0000000000e+00
   27.750000     8.5965896292e-03    -0.0000000000e+00     0.0000000000e+00
   27.800000     9.4211943824e-03     0.0000000000e+00     0.0000000000e+00
   27.850000     9.5789458622e-03     0.0000000000e+00     0.0000000000e+00
   27.900000     8.8070484684e-03     0.0000000000e+00     0.0000000000e+00
   27.950000     8.4291705377e-03     0.0000000000e+00     0.0000000000e+00
   28.000000     7.8475720480e-03     0.0000000000e+00     0.0000000000e+00
   28.050000     6.9150414620e-03     0.0000000000e+00     0.0000000000e+00
   28.100000     6.8903992006e-03     0.0000000000e+00     0.0000000000e+00
   28.150000     8.3096205956e-03     0.0000000000e+00     0.0000000000e+00
   28.200000     9.5366697214e-03    -0.0000000000e+00     0.0000000000e+00
   28.250000     1.0242421813e-02    -0.0000000000e+00    -0.0000000000e+00
   28.300000     1.0723331565e-02     0.0000000000e+00     0.0000000000e+00
   28.350000     1.0821176705e-02     0.0000000000e+00     0.0000000000e+00
   28.400000     9.8163361769e-03     0.0000000000e+00     0.0000000000e+00
   28.450000     7.7871096635e-03     0.0000000000e+00     0.0000000000e+00
   28.500000     6.6200414330e-03     0.0000000000e+00     0.0000000000e+00
   28.550000     7.4113172698e-03     0.0000000000e+00     0.0000000000e+00
   28.600000     9.4420731747e-03     0.0000000000e+00     0.0000000000e+00
   28.650000     9.8953129718e-03     0.0000000000e+00     0.0000000000e+00
   28.700000     8.7100776995e-03     0.0000000000e+00     0.0000000000e+00
   28.750000     8.7573851400e-03     0.0000000000e+00     0.0000000000e+00
   28.800000     1.0968106913e-02     0.0000000000e+00     0.0000000000e+00
   28.850000     1.2817831610e-02     0.0000000000e+00     0.0000000000e+00
   28.900000     1.3585912371e-02     0.0000000000e+00     0.0000000000e+00
   28.950000     1.4361077465e-02     0.0000000000e+00     0.0000000000e+00
   29.000000     1.4724028301e-02     0.0000000000e+00     0.0000000000e+00
   29.050000     1.3302075395e-02     0.0000000000e+00     0.0000000000e+00
   29.100000     1.1641833411e-02     0.0000000000e+00     0.0000000000e+00
   29.150000     1.2564887803e-02    -0.0000000000e+00    -0.0000000000e+00
   29.200000     1.4027542204e-02     0.0000000000e+00     0.0000000000e+00
   29.250000     1.3622731349e-02     0.0000000000e+00     0.0000000000e+00
   29.300000     1.2045840328e-02     0.0000000000e+00     0.0000000000e+00
   29.350000     1.1066577935e-02     0.0000000000e+00     0.0000000000e+00
   29.400000     1.0524826347e-02     0.0000000000e+00     0.0000000000e+00
   29.450000     9.8867797976e-03     0.0000000000e+00     0.0000000000e+00
   29.500000     9.3172710887e-03     0.0000000000e+00     0.0000000000e+00
   29.550000     9.7119034202e-03     0.0000000000e+00     0.0000000000e+00
   29.600000     1.0815927411e-02     0.0000000000e+00     0.0000000000e+00
   29.650000     1.1851109362e-02     0.0000000000e+00     0.0000000000e+00
   29.700000     1.3226209506e-02     0.0000000000e+00     0.0000000000e+00
   29.750000     1.4114357548e-02     0.0000000000e+00    -0.0000000000e+00
   29.800000     1.3802939131e-02     0.0000000000e+00    -0.0000000000e+00
   29.850000     1.2706115883e-02    -0.0000000000e+00    -0.0000000000e+00
   29.900000     1.1420589038e-02    -0.0000000000e+00     0.0000000000e+00
   29.950000     9.9935376020e-03     0.0000000000e+00     0.0000000000e+00
   30.000000     9.6607145685e-03     0.0000000000e+00     0.0000000000e+00
