# Photoabsorption spectrum from real-time propagation
# GPAW version: 19.8.1
# Total time = 44.9700 fs, Time steps = [30.0000] as
# Kick = [0, 1e-05, 0]
# Gaussian folding, Width = 0.0600 eV = 0.002205 Hartree <=> FWHM = 0.141289 eV
#    om (eV)                  S_x                  S_y                  S_z
    0.000000     0.0000000000e+00     0.0000000000e+00     0.0000000000e+00
    0.050000    -0.0000000000e+00    -2.0129853367e-04    -0.0000000000e+00
    0.100000    -0.0000000000e+00    -4.4320516720e-04    -0.0000000000e+00
    0.150000    -0.0000000000e+00    -4.5280199407e-04     0.0000000000e+00
    0.200000    -0.0000000000e+00    -4.4077833410e-04     0.0000000000e+00
    0.250000    -0.0000000000e+00    -4.2050470683e-04     0.0000000000e+00
    0.300000    -0.0000000000e+00    -5.1088118350e-04     0.0000000000e+00
    0.350000    -0.0000000000e+00    -5.0159903148e-04     0.0000000000e+00
    0.400000    -0.0000000000e+00    -4.9463869652e-04     0.0000000000e+00
    0.450000    -0.0000000000e+00    -3.8474423157e-04     0.0000000000e+00
    0.500000    -0.0000000000e+00    -3.9386191632e-04     0.0000000000e+00
    0.550000    -0.0000000000e+00    -3.6383797641e-04     0.0000000000e+00
    0.600000    -0.0000000000e+00    -3.5088041933e-04     0.0000000000e+00
    0.650000    -0.0000000000e+00    -4.2449784507e-04     0.0000000000e+00
    0.700000    -0.0000000000e+00    -4.3399264139e-04     0.0000000000e+00
    0.750000    -0.0000000000e+00    -5.4496976282e-04     0.0000000000e+00
    0.800000    -0.0000000000e+00    -3.9447084409e-04     0.0000000000e+00
    0.850000    -0.0000000000e+00    -4.5572103995e-04     0.0000000000e+00
    0.900000    -0.0000000000e+00    -3.1459044136e-04     0.0000000000e+00
    0.950000    -0.0000000000e+00    -4.5301847742e-04     0.0000000000e+00
    1.000000    -0.0000000000e+00    -1.9164715511e-04     0.0000000000e+00
    1.050000    -0.0000000000e+00     1.6124772086e-03     0.0000000000e+00
    1.100000    -0.0000000000e+00     1.6209643523e-02     0.0000000000e+00
    1.150000     0.0000000000e+00     6.9329739923e-02     0.0000000000e+00
    1.200000     0.0000000000e+00     1.4671102676e-01     0.0000000000e+00
    1.250000     0.0000000000e+00     1.5530139751e-01     0.0000000000e+00
    1.300000     0.0000000000e+00     8.1353679666e-02     0.0000000000e+00
    1.350000     0.0000000000e+00     1.9017723371e-02     0.0000000000e+00
    1.400000    -0.0000000000e+00    -2.2233121515e-03     0.0000000000e+00
    1.450000    -0.0000000000e+00    -2.4945024811e-03     0.0000000000e+00
    1.500000    -0.0000000000e+00     1.6791977239e-02     0.0000000000e+00
    1.550000     0.0000000000e+00     7.3864703024e-02     0.0000000000e+00
    1.600000     0.0000000000e+00     1.5603304215e-01     0.0000000000e+00
    1.650000     0.0000000000e+00     3.2512927276e-01     0.0000000000e+00
    1.700000     0.0000000000e+00     7.5454680334e-01     0.0000000000e+00
    1.750000     0.0000000000e+00     1.1885717291e+00     0.0000000000e+00
    1.800000    -0.0000000000e+00     1.0784985365e+00     0.0000000000e+00
    1.850000    -0.0000000000e+00     5.6176161761e-01     0.0000000000e+00
    1.900000    -0.0000000000e+00     1.6714998195e-01     0.0000000000e+00
    1.950000    -0.0000000000e+00     3.3889646442e-02     0.0000000000e+00
    2.000000    -0.0000000000e+00     4.1080468450e-02     0.0000000000e+00
    2.050000    -0.0000000000e+00     9.8609499695e-02     0.0000000000e+00
    2.100000     0.0000000000e+00     1.2691445179e-01     0.0000000000e+00
    2.150000     0.0000000000e+00     8.1062185528e-02     0.0000000000e+00
    2.200000     0.0000000000e+00     2.6540979597e-02     0.0000000000e+00
    2.250000     0.0000000000e+00     1.4075164428e-02     0.0000000000e+00
    2.300000     0.0000000000e+00     8.5238360826e-02     0.0000000000e+00
    2.350000     0.0000000000e+00     3.8447784482e-01     0.0000000000e+00
    2.400000     0.0000000000e+00     9.0947278098e-01     0.0000000000e+00
    2.450000    -0.0000000000e+00     1.3079293376e+00     0.0000000000e+00
    2.500000     0.0000000000e+00     1.7331500903e+00     0.0000000000e+00
    2.550000     0.0000000000e+00     4.4167131612e+00     0.0000000000e+00
    2.600000     0.0000000000e+00     1.3100108689e+01     0.0000000000e+00
    2.650000     0.0000000000e+00     2.3960393704e+01    -0.0000000000e+00
    2.700000    -0.0000000000e+00     2.6109874297e+01    -0.0000000000e+00
    2.750000     0.0000000000e+00     1.9881040556e+01    -0.0000000000e+00
    2.800000     0.0000000000e+00     1.1571444599e+01     0.0000000000e+00
    2.850000     0.0000000000e+00     4.7298635013e+00     0.0000000000e+00
    2.900000     0.0000000000e+00     1.7843556266e+00     0.0000000000e+00
    2.950000     0.0000000000e+00     1.3761862070e+00     0.0000000000e+00
    3.000000     0.0000000000e+00     1.0548885792e+00     0.0000000000e+00
    3.050000     0.0000000000e+00     5.4538483720e-01     0.0000000000e+00
    3.100000     0.0000000000e+00     4.0983206337e-01     0.0000000000e+00
    3.150000     0.0000000000e+00     4.3714354994e-01     0.0000000000e+00
    3.200000     0.0000000000e+00     2.9254621135e-01     0.0000000000e+00
    3.250000    -0.0000000000e+00     1.7078435712e-01     0.0000000000e+00
    3.300000    -0.0000000000e+00     4.3695317149e-01    -0.0000000000e+00
    3.350000     0.0000000000e+00     1.2202681639e+00    -0.0000000000e+00
    3.400000     0.0000000000e+00     1.7780949154e+00    -0.0000000000e+00
    3.450000     0.0000000000e+00     1.3347874462e+00     0.0000000000e+00
    3.500000     0.0000000000e+00     6.1862877322e-01     0.0000000000e+00
    3.550000    -0.0000000000e+00     4.8202066794e-01     0.0000000000e+00
    3.600000    -0.0000000000e+00     7.7689472763e-01     0.0000000000e+00
    3.650000     0.0000000000e+00     9.2018853199e-01     0.0000000000e+00
    3.700000     0.0000000000e+00     8.9582547790e-01     0.0000000000e+00
    3.750000     0.0000000000e+00     1.2127446768e+00     0.0000000000e+00
    3.800000     0.0000000000e+00     1.5253539254e+00     0.0000000000e+00
    3.850000     0.0000000000e+00     1.4763997197e+00     0.0000000000e+00
    3.900000     0.0000000000e+00     1.8402647696e+00     0.0000000000e+00
    3.950000     0.0000000000e+00     2.5756055070e+00    -0.0000000000e+00
    4.000000    -0.0000000000e+00     2.5446148866e+00    -0.0000000000e+00
    4.050000     0.0000000000e+00     1.7403150800e+00    -0.0000000000e+00
    4.100000     0.0000000000e+00     1.0227645649e+00     0.0000000000e+00
    4.150000     0.0000000000e+00     6.1507950774e-01     0.0000000000e+00
    4.200000     0.0000000000e+00     5.0149931607e-01     0.0000000000e+00
    4.250000     0.0000000000e+00     5.9793912667e-01     0.0000000000e+00
    4.300000     0.0000000000e+00     5.3382316187e-01     0.0000000000e+00
    4.350000    -0.0000000000e+00     2.8173112620e-01     0.0000000000e+00
    4.400000     0.0000000000e+00     1.0806348611e-01     0.0000000000e+00
    4.450000     0.0000000000e+00     1.1325285460e-01     0.0000000000e+00
    4.500000     0.0000000000e+00     3.1169273815e-01     0.0000000000e+00
    4.550000     0.0000000000e+00     6.3605673477e-01     0.0000000000e+00
    4.600000    -0.0000000000e+00     8.3947925444e-01     0.0000000000e+00
    4.650000     0.0000000000e+00     8.0161474967e-01    -0.0000000000e+00
    4.700000     0.0000000000e+00     6.1928742433e-01    -0.0000000000e+00
    4.750000     0.0000000000e+00     3.8475883342e-01    -0.0000000000e+00
    4.800000     0.0000000000e+00     2.2090398456e-01     0.0000000000e+00
    4.850000     0.0000000000e+00     1.8989566041e-01     0.0000000000e+00
    4.900000     0.0000000000e+00     2.2515803183e-01     0.0000000000e+00
    4.950000     0.0000000000e+00     2.5732190165e-01     0.0000000000e+00
    5.000000     0.0000000000e+00     3.0879655326e-01     0.0000000000e+00
    5.050000     0.0000000000e+00     4.7622854714e-01     0.0000000000e+00
    5.100000    -0.0000000000e+00     7.7593189786e-01     0.0000000000e+00
    5.150000    -0.0000000000e+00     9.3234865358e-01    -0.0000000000e+00
    5.200000     0.0000000000e+00     7.3731005704e-01    -0.0000000000e+00
    5.250000     0.0000000000e+00     4.1207735056e-01     0.0000000000e+00
    5.300000     0.0000000000e+00     2.1290912771e-01     0.0000000000e+00
    5.350000    -0.0000000000e+00     1.4729823489e-01     0.0000000000e+00
    5.400000    -0.0000000000e+00     1.2067214808e-01     0.0000000000e+00
    5.450000     0.0000000000e+00     8.4651916783e-02     0.0000000000e+00
    5.500000     0.0000000000e+00     6.8090853125e-02     0.0000000000e+00
    5.550000     0.0000000000e+00     1.0653963507e-01     0.0000000000e+00
    5.600000     0.0000000000e+00     1.7755118394e-01     0.0000000000e+00
    5.650000     0.0000000000e+00     2.3231155070e-01     0.0000000000e+00
    5.700000     0.0000000000e+00     2.1735713723e-01     0.0000000000e+00
    5.750000     0.0000000000e+00     1.4570682972e-01     0.0000000000e+00
    5.800000     0.0000000000e+00     1.0029590412e-01    -0.0000000000e+00
    5.850000     0.0000000000e+00     1.3096596401e-01    -0.0000000000e+00
    5.900000    -0.0000000000e+00     1.8568689173e-01     0.0000000000e+00
    5.950000     0.0000000000e+00     1.6872236526e-01     0.0000000000e+00
    6.000000     0.0000000000e+00     1.0811724707e-01     0.0000000000e+00
    6.050000     0.0000000000e+00     9.5657440957e-02     0.0000000000e+00
    6.100000     0.0000000000e+00     1.2147097228e-01     0.0000000000e+00
    6.150000     0.0000000000e+00     1.1795420384e-01     0.0000000000e+00
    6.200000     0.0000000000e+00     1.0845209771e-01     0.0000000000e+00
    6.250000     0.0000000000e+00     1.5512408661e-01     0.0000000000e+00
    6.300000     0.0000000000e+00     2.1509205874e-01     0.0000000000e+00
    6.350000     0.0000000000e+00     1.9784874260e-01     0.0000000000e+00
    6.400000     0.0000000000e+00     1.3387871993e-01     0.0000000000e+00
    6.450000    -0.0000000000e+00     9.3750494312e-02     0.0000000000e+00
    6.500000    -0.0000000000e+00     6.8278198524e-02     0.0000000000e+00
    6.550000    -0.0000000000e+00     4.5362764096e-02     0.0000000000e+00
    6.600000    -0.0000000000e+00     3.4657946155e-02     0.0000000000e+00
    6.650000    -0.0000000000e+00     3.2615613325e-02     0.0000000000e+00
    6.700000    -0.0000000000e+00     3.0094505083e-02     0.0000000000e+00
    6.750000    -0.0000000000e+00     3.6893317704e-02     0.0000000000e+00
    6.800000     0.0000000000e+00     5.2918758334e-02     0.0000000000e+00
    6.850000     0.0000000000e+00     6.4852666976e-02     0.0000000000e+00
    6.900000     0.0000000000e+00     8.2855646829e-02     0.0000000000e+00
    6.950000     0.0000000000e+00     1.0626835465e-01     0.0000000000e+00
    7.000000     0.0000000000e+00     1.0468611223e-01     0.0000000000e+00
    7.050000     0.0000000000e+00     8.4400398267e-02     0.0000000000e+00
    7.100000     0.0000000000e+00     6.8011782383e-02     0.0000000000e+00
    7.150000    -0.0000000000e+00     5.1444881043e-02     0.0000000000e+00
    7.200000     0.0000000000e+00     3.6506696871e-02     0.0000000000e+00
    7.250000     0.0000000000e+00     2.5066969450e-02     0.0000000000e+00
    7.300000     0.0000000000e+00     1.5950826304e-02     0.0000000000e+00
    7.350000     0.0000000000e+00     1.4633138746e-02     0.0000000000e+00
    7.400000     0.0000000000e+00     1.9038608636e-02     0.0000000000e+00
    7.450000     0.0000000000e+00     2.1681987215e-02     0.0000000000e+00
    7.500000     0.0000000000e+00     2.2606172121e-02     0.0000000000e+00
    7.550000     0.0000000000e+00     2.5756821385e-02     0.0000000000e+00
    7.600000     0.0000000000e+00     3.0898248126e-02     0.0000000000e+00
    7.650000     0.0000000000e+00     3.0544673228e-02     0.0000000000e+00
    7.700000     0.0000000000e+00     2.2294990096e-02     0.0000000000e+00
    7.750000     0.0000000000e+00     1.4846108646e-02     0.0000000000e+00
    7.800000    -0.0000000000e+00     1.1809906970e-02     0.0000000000e+00
    7.850000    -0.0000000000e+00     1.1547193513e-02     0.0000000000e+00
    7.900000    -0.0000000000e+00     1.3105769010e-02     0.0000000000e+00
    7.950000     0.0000000000e+00     1.9111118247e-02     0.0000000000e+00
    8.000000     0.0000000000e+00     2.7176986536e-02    -0.0000000000e+00
    8.050000     0.0000000000e+00     3.0786348632e-02     0.0000000000e+00
    8.100000     0.0000000000e+00     2.8641662836e-02     0.0000000000e+00
    8.150000     0.0000000000e+00     2.3556678874e-02     0.0000000000e+00
    8.200000     0.0000000000e+00     1.8160543058e-02     0.0000000000e+00
    8.250000     0.0000000000e+00     1.7529218012e-02     0.0000000000e+00
    8.300000     0.0000000000e+00     2.3672159027e-02     0.0000000000e+00
    8.350000     0.0000000000e+00     2.7661543525e-02     0.0000000000e+00
    8.400000     0.0000000000e+00     2.6810128967e-02     0.0000000000e+00
    8.450000     0.0000000000e+00     2.3910706876e-02     0.0000000000e+00
    8.500000     0.0000000000e+00     1.9765367389e-02     0.0000000000e+00
    8.550000     0.0000000000e+00     1.4952936116e-02     0.0000000000e+00
    8.600000     0.0000000000e+00     1.2846163437e-02     0.0000000000e+00
    8.650000     0.0000000000e+00     1.5604174246e-02     0.0000000000e+00
    8.700000    -0.0000000000e+00     1.8552889434e-02     0.0000000000e+00
    8.750000    -0.0000000000e+00     1.6612015023e-02     0.0000000000e+00
    8.800000    -0.0000000000e+00     1.1224131033e-02     0.0000000000e+00
    8.850000    -0.0000000000e+00     8.6984127584e-03     0.0000000000e+00
    8.900000    -0.0000000000e+00     9.9660972115e-03     0.0000000000e+00
    8.950000     0.0000000000e+00     1.1667552020e-02     0.0000000000e+00
    9.000000     0.0000000000e+00     1.1728690666e-02     0.0000000000e+00
    9.050000     0.0000000000e+00     1.2752787904e-02     0.0000000000e+00
    9.100000     0.0000000000e+00     1.5804966799e-02     0.0000000000e+00
    9.150000     0.0000000000e+00     1.8154785095e-02     0.0000000000e+00
    9.200000     0.0000000000e+00     1.8019120260e-02     0.0000000000e+00
    9.250000     0.0000000000e+00     1.7299502389e-02     0.0000000000e+00
    9.300000     0.0000000000e+00     1.5818572838e-02     0.0000000000e+00
    9.350000     0.0000000000e+00     1.1888443747e-02     0.0000000000e+00
    9.400000     0.0000000000e+00     8.9618676086e-03     0.0000000000e+00
    9.450000     0.0000000000e+00     8.7211446033e-03     0.0000000000e+00
    9.500000     0.0000000000e+00     1.1210116664e-02     0.0000000000e+00
    9.550000     0.0000000000e+00     1.4272920193e-02     0.0000000000e+00
    9.600000     0.0000000000e+00     1.4747872375e-02     0.0000000000e+00
    9.650000    -0.0000000000e+00     1.2293640891e-02     0.0000000000e+00
    9.700000    -0.0000000000e+00     1.0019812970e-02     0.0000000000e+00
    9.750000     0.0000000000e+00     8.8531659863e-03    -0.0000000000e+00
    9.800000     0.0000000000e+00     8.1256390837e-03     0.0000000000e+00
    9.850000     0.0000000000e+00     8.5747350557e-03     0.0000000000e+00
    9.900000    -0.0000000000e+00     1.1618871161e-02     0.0000000000e+00
    9.950000    -0.0000000000e+00     1.7191493115e-02     0.0000000000e+00
   10.000000     0.0000000000e+00     1.9925070449e-02     0.0000000000e+00
   10.050000    -0.0000000000e+00     1.7192773149e-02     0.0000000000e+00
   10.100000    -0.0000000000e+00     1.2074231141e-02     0.0000000000e+00
   10.150000    -0.0000000000e+00     9.4927629241e-03     0.0000000000e+00
   10.200000     0.0000000000e+00     9.7695450784e-03     0.0000000000e+00
   10.250000    -0.0000000000e+00     9.3412165558e-03     0.0000000000e+00
   10.300000    -0.0000000000e+00     6.4940334062e-03     0.0000000000e+00
   10.350000     0.0000000000e+00     4.8766416244e-03     0.0000000000e+00
   10.400000     0.0000000000e+00     7.2440864893e-03     0.0000000000e+00
   10.450000     0.0000000000e+00     1.0530592429e-02     0.0000000000e+00
   10.500000     0.0000000000e+00     1.1448773804e-02    -0.0000000000e+00
   10.550000     0.0000000000e+00     9.7356919427e-03     0.0000000000e+00
   10.600000     0.0000000000e+00     9.0717849368e-03     0.0000000000e+00
   10.650000     0.0000000000e+00     1.0517586408e-02     0.0000000000e+00
   10.700000     0.0000000000e+00     1.1184351306e-02     0.0000000000e+00
   10.750000     0.0000000000e+00     9.5986172968e-03     0.0000000000e+00
   10.800000     0.0000000000e+00     9.4203422022e-03     0.0000000000e+00
   10.850000    -0.0000000000e+00     1.0995743762e-02     0.0000000000e+00
   10.900000    -0.0000000000e+00     1.1162834106e-02     0.0000000000e+00
   10.950000     0.0000000000e+00     1.0542215372e-02     0.0000000000e+00
   11.000000     0.0000000000e+00     1.1193901038e-02     0.0000000000e+00
   11.050000     0.0000000000e+00     1.2418294616e-02     0.0000000000e+00
   11.100000     0.0000000000e+00     1.1374876430e-02     0.0000000000e+00
   11.150000    -0.0000000000e+00     9.1390290323e-03     0.0000000000e+00
   11.200000    -0.0000000000e+00     8.1400628977e-03     0.0000000000e+00
   11.250000    -0.0000000000e+00     9.9030026944e-03     0.0000000000e+00
   11.300000     0.0000000000e+00     1.2421616817e-02     0.0000000000e+00
   11.350000     0.0000000000e+00     1.3215867458e-02     0.0000000000e+00
   11.400000     0.0000000000e+00     1.4902945627e-02     0.0000000000e+00
   11.450000     0.0000000000e+00     1.9451635775e-02     0.0000000000e+00
   11.500000     0.0000000000e+00     2.1974346986e-02     0.0000000000e+00
   11.550000     0.0000000000e+00     1.9451707503e-02     0.0000000000e+00
   11.600000     0.0000000000e+00     1.6312769233e-02     0.0000000000e+00
   11.650000     0.0000000000e+00     1.5276028657e-02     0.0000000000e+00
   11.700000     0.0000000000e+00     1.5633392301e-02     0.0000000000e+00
   11.750000    -0.0000000000e+00     1.4295079360e-02     0.0000000000e+00
   11.800000    -0.0000000000e+00     1.0744607747e-02     0.0000000000e+00
   11.850000     0.0000000000e+00     7.8279634854e-03    -0.0000000000e+00
   11.900000     0.0000000000e+00     7.2181564921e-03    -0.0000000000e+00
   11.950000     0.0000000000e+00     7.5365780054e-03     0.0000000000e+00
   12.000000     0.0000000000e+00     8.8511352462e-03     0.0000000000e+00
   12.050000     0.0000000000e+00     1.1730088423e-02     0.0000000000e+00
   12.100000     0.0000000000e+00     1.5033245604e-02     0.0000000000e+00
   12.150000     0.0000000000e+00     1.7352894508e-02     0.0000000000e+00
   12.200000     0.0000000000e+00     1.8583937153e-02     0.0000000000e+00
   12.250000     0.0000000000e+00     1.9562747352e-02     0.0000000000e+00
   12.300000     0.0000000000e+00     1.8542451244e-02     0.0000000000e+00
   12.350000    -0.0000000000e+00     1.6299678105e-02    -0.0000000000e+00
   12.400000     0.0000000000e+00     1.4653986000e-02    -0.0000000000e+00
   12.450000     0.0000000000e+00     1.4123517591e-02    -0.0000000000e+00
   12.500000     0.0000000000e+00     1.4491054547e-02    -0.0000000000e+00
   12.550000     0.0000000000e+00     1.4330565650e-02    -0.0000000000e+00
   12.600000     0.0000000000e+00     1.1714690812e-02    -0.0000000000e+00
   12.650000     0.0000000000e+00     9.5103055147e-03    -0.0000000000e+00
   12.700000     0.0000000000e+00     1.1379820241e-02    -0.0000000000e+00
   12.750000     0.0000000000e+00     1.4381031247e-02    -0.0000000000e+00
   12.800000     0.0000000000e+00     1.5479556023e-02     0.0000000000e+00
   12.850000     0.0000000000e+00     1.5404864085e-02     0.0000000000e+00
   12.900000     0.0000000000e+00     1.4292578153e-02     0.0000000000e+00
   12.950000     0.0000000000e+00     1.0893046920e-02     0.0000000000e+00
   13.000000     0.0000000000e+00     8.3092069470e-03     0.0000000000e+00
   13.050000    -0.0000000000e+00     8.1005020671e-03     0.0000000000e+00
   13.100000     0.0000000000e+00     9.4882098519e-03     0.0000000000e+00
   13.150000     0.0000000000e+00     1.3147576456e-02     0.0000000000e+00
   13.200000     0.0000000000e+00     1.7551153501e-02     0.0000000000e+00
   13.250000     0.0000000000e+00     1.8014054165e-02     0.0000000000e+00
   13.300000     0.0000000000e+00     1.3620000522e-02     0.0000000000e+00
   13.350000    -0.0000000000e+00     7.5860981730e-03     0.0000000000e+00
   13.400000    -0.0000000000e+00     2.7707685394e-03     0.0000000000e+00
   13.450000     0.0000000000e+00     2.8502805734e-03     0.0000000000e+00
   13.500000     0.0000000000e+00     7.8417109805e-03     0.0000000000e+00
   13.550000     0.0000000000e+00     1.3873829088e-02     0.0000000000e+00
   13.600000     0.0000000000e+00     1.7044648143e-02     0.0000000000e+00
   13.650000    -0.0000000000e+00     1.8943897207e-02     0.0000000000e+00
   13.700000    -0.0000000000e+00     1.9794168602e-02     0.0000000000e+00
   13.750000    -0.0000000000e+00     1.7520322323e-02     0.0000000000e+00
   13.800000     0.0000000000e+00     1.4514721264e-02     0.0000000000e+00
   13.850000     0.0000000000e+00     1.2793024413e-02     0.0000000000e+00
   13.900000     0.0000000000e+00     1.2820806579e-02     0.0000000000e+00
   13.950000     0.0000000000e+00     1.3575489961e-02     0.0000000000e+00
   14.000000     0.0000000000e+00     1.3922805439e-02     0.0000000000e+00
   14.050000    -0.0000000000e+00     1.3115111643e-02     0.0000000000e+00
   14.100000     0.0000000000e+00     1.1442906649e-02     0.0000000000e+00
   14.150000     0.0000000000e+00     9.7203478440e-03     0.0000000000e+00
   14.200000     0.0000000000e+00     1.0384846394e-02     0.0000000000e+00
   14.250000     0.0000000000e+00     1.4212146684e-02     0.0000000000e+00
   14.300000     0.0000000000e+00     1.8010167969e-02     0.0000000000e+00
   14.350000     0.0000000000e+00     1.8106727675e-02     0.0000000000e+00
   14.400000    -0.0000000000e+00     1.5824164457e-02     0.0000000000e+00
   14.450000    -0.0000000000e+00     1.4049832903e-02     0.0000000000e+00
   14.500000     0.0000000000e+00     1.2147813710e-02     0.0000000000e+00
   14.550000     0.0000000000e+00     1.1936282832e-02     0.0000000000e+00
   14.600000     0.0000000000e+00     1.3099959041e-02     0.0000000000e+00
   14.650000     0.0000000000e+00     1.3672915419e-02    -0.0000000000e+00
   14.700000     0.0000000000e+00     1.5201376954e-02    -0.0000000000e+00
   14.750000     0.0000000000e+00     1.9593123904e-02    -0.0000000000e+00
   14.800000     0.0000000000e+00     2.3511053390e-02    -0.0000000000e+00
   14.850000     0.0000000000e+00     2.1362299685e-02     0.0000000000e+00
   14.900000     0.0000000000e+00     1.3848968556e-02     0.0000000000e+00
   14.950000     0.0000000000e+00     7.8204325373e-03     0.0000000000e+00
   15.000000     0.0000000000e+00     6.9579873641e-03     0.0000000000e+00
   15.050000    -0.0000000000e+00     8.5909739680e-03     0.0000000000e+00
   15.100000     0.0000000000e+00     9.6248493222e-03     0.0000000000e+00
   15.150000    -0.0000000000e+00     1.0079676362e-02     0.0000000000e+00
   15.200000    -0.0000000000e+00     1.1378114491e-02     0.0000000000e+00
   15.250000    -0.0000000000e+00     1.2235422799e-02     0.0000000000e+00
   15.300000     0.0000000000e+00     1.2408523159e-02     0.0000000000e+00
   15.350000     0.0000000000e+00     1.3043666361e-02     0.0000000000e+00
   15.400000     0.0000000000e+00     1.4100880109e-02     0.0000000000e+00
   15.450000     0.0000000000e+00     1.4960175762e-02     0.0000000000e+00
   15.500000     0.0000000000e+00     1.4392207639e-02     0.0000000000e+00
   15.550000     0.0000000000e+00     1.2273789798e-02     0.0000000000e+00
   15.600000    -0.0000000000e+00     9.7928116623e-03     0.0000000000e+00
   15.650000    -0.0000000000e+00     9.4740273962e-03    -0.0000000000e+00
   15.700000     0.0000000000e+00     1.1965985248e-02    -0.0000000000e+00
   15.750000     0.0000000000e+00     1.5309980908e-02     0.0000000000e+00
   15.800000     0.0000000000e+00     1.6244946363e-02     0.0000000000e+00
   15.850000     0.0000000000e+00     1.4769630340e-02     0.0000000000e+00
   15.900000     0.0000000000e+00     1.2536594616e-02     0.0000000000e+00
   15.950000     0.0000000000e+00     1.1073107713e-02     0.0000000000e+00
   16.000000    -0.0000000000e+00     1.2295812155e-02     0.0000000000e+00
   16.050000    -0.0000000000e+00     1.5674988206e-02     0.0000000000e+00
   16.100000    -0.0000000000e+00     1.8548821284e-02    -0.0000000000e+00
   16.150000    -0.0000000000e+00     1.8914239744e-02     0.0000000000e+00
   16.200000     0.0000000000e+00     1.7105123440e-02     0.0000000000e+00
   16.250000     0.0000000000e+00     1.4652380662e-02     0.0000000000e+00
   16.300000     0.0000000000e+00     1.3764769391e-02     0.0000000000e+00
   16.350000     0.0000000000e+00     1.4320780062e-02     0.0000000000e+00
   16.400000    -0.0000000000e+00     1.6056204736e-02     0.0000000000e+00
   16.450000    -0.0000000000e+00     1.8956936238e-02     0.0000000000e+00
   16.500000     0.0000000000e+00     2.2532616991e-02     0.0000000000e+00
   16.550000     0.0000000000e+00     2.4958221771e-02     0.0000000000e+00
   16.600000     0.0000000000e+00     2.4664342602e-02     0.0000000000e+00
   16.650000     0.0000000000e+00     2.3568193991e-02     0.0000000000e+00
   16.700000     0.0000000000e+00     2.2553074431e-02    -0.0000000000e+00
   16.750000     0.0000000000e+00     2.0568723056e-02    -0.0000000000e+00
   16.800000     0.0000000000e+00     1.8401716027e-02     0.0000000000e+00
   16.850000     0.0000000000e+00     1.7590698025e-02     0.0000000000e+00
   16.900000     0.0000000000e+00     1.5486820841e-02     0.0000000000e+00
   16.950000     0.0000000000e+00     1.2834569184e-02     0.0000000000e+00
   17.000000     0.0000000000e+00     1.3517287196e-02     0.0000000000e+00
   17.050000     0.0000000000e+00     1.6466654166e-02     0.0000000000e+00
   17.100000    -0.0000000000e+00     1.6594421940e-02     0.0000000000e+00
   17.150000    -0.0000000000e+00     1.3517661207e-02     0.0000000000e+00
   17.200000    -0.0000000000e+00     1.2135317408e-02     0.0000000000e+00
   17.250000    -0.0000000000e+00     1.3715792622e-02     0.0000000000e+00
   17.300000     0.0000000000e+00     1.5518689259e-02     0.0000000000e+00
   17.350000     0.0000000000e+00     1.5538801087e-02     0.0000000000e+00
   17.400000     0.0000000000e+00     1.4498327552e-02    -0.0000000000e+00
   17.450000     0.0000000000e+00     1.3565291535e-02    -0.0000000000e+00
   17.500000     0.0000000000e+00     1.2691886202e-02    -0.0000000000e+00
   17.550000    -0.0000000000e+00     1.0807538465e-02     0.0000000000e+00
   17.600000    -0.0000000000e+00     9.9173649368e-03     0.0000000000e+00
   17.650000     0.0000000000e+00     1.1104131823e-02     0.0000000000e+00
   17.700000     0.0000000000e+00     1.3054549610e-02     0.0000000000e+00
   17.750000     0.0000000000e+00     1.3926065700e-02     0.0000000000e+00
   17.800000     0.0000000000e+00     1.2313064471e-02    -0.0000000000e+00
   17.850000     0.0000000000e+00     9.6448813794e-03     0.0000000000e+00
   17.900000     0.0000000000e+00     8.5220554728e-03     0.0000000000e+00
   17.950000    -0.0000000000e+00     1.0423675986e-02     0.0000000000e+00
   18.000000     0.0000000000e+00     1.3839204548e-02     0.0000000000e+00
   18.050000     0.0000000000e+00     1.6266992010e-02     0.0000000000e+00
   18.100000     0.0000000000e+00     1.5806413473e-02     0.0000000000e+00
   18.150000     0.0000000000e+00     1.3467526494e-02     0.0000000000e+00
   18.200000     0.0000000000e+00     1.1384786812e-02     0.0000000000e+00
   18.250000     0.0000000000e+00     9.8919779166e-03     0.0000000000e+00
   18.300000     0.0000000000e+00     7.9699497125e-03     0.0000000000e+00
   18.350000    -0.0000000000e+00     6.9658746962e-03     0.0000000000e+00
   18.400000    -0.0000000000e+00     9.1248139742e-03     0.0000000000e+00
   18.450000     0.0000000000e+00     1.2896314211e-02     0.0000000000e+00
   18.500000     0.0000000000e+00     1.5420356154e-02     0.0000000000e+00
   18.550000     0.0000000000e+00     1.5964087496e-02     0.0000000000e+00
   18.600000     0.0000000000e+00     1.6440570061e-02     0.0000000000e+00
   18.650000    -0.0000000000e+00     1.7186178771e-02     0.0000000000e+00
   18.700000    -0.0000000000e+00     1.6833172854e-02     0.0000000000e+00
   18.750000     0.0000000000e+00     1.4564852199e-02     0.0000000000e+00
   18.800000     0.0000000000e+00     1.2450301483e-02     0.0000000000e+00
   18.850000     0.0000000000e+00     1.2420852619e-02     0.0000000000e+00
   18.900000     0.0000000000e+00     1.2585583558e-02     0.0000000000e+00
   18.950000     0.0000000000e+00     1.1053045330e-02    -0.0000000000e+00
   19.000000     0.0000000000e+00     9.1514246446e-03    -0.0000000000e+00
   19.050000     0.0000000000e+00     1.0277549751e-02     0.0000000000e+00
   19.100000     0.0000000000e+00     1.4991437751e-02     0.0000000000e+00
   19.150000     0.0000000000e+00     1.9317335000e-02     0.0000000000e+00
   19.200000     0.0000000000e+00     1.9788366672e-02     0.0000000000e+00
   19.250000     0.0000000000e+00     1.7626513442e-02     0.0000000000e+00
   19.300000    -0.0000000000e+00     1.3550170355e-02     0.0000000000e+00
   19.350000     0.0000000000e+00     9.6286017488e-03     0.0000000000e+00
   19.400000     0.0000000000e+00     8.6075277317e-03     0.0000000000e+00
   19.450000     0.0000000000e+00     9.6975439310e-03     0.0000000000e+00
   19.500000     0.0000000000e+00     1.0600416864e-02     0.0000000000e+00
   19.550000     0.0000000000e+00     1.0879826153e-02     0.0000000000e+00
   19.600000     0.0000000000e+00     1.1899772469e-02     0.0000000000e+00
   19.650000     0.0000000000e+00     1.4179773877e-02     0.0000000000e+00
   19.700000     0.0000000000e+00     1.7749923367e-02    -0.0000000000e+00
   19.750000     0.0000000000e+00     2.0899950686e-02    -0.0000000000e+00
   19.800000     0.0000000000e+00     2.3764111380e-02    -0.0000000000e+00
   19.850000     0.0000000000e+00     2.5469424894e-02     0.0000000000e+00
   19.900000     0.0000000000e+00     2.4097956755e-02     0.0000000000e+00
   19.950000    -0.0000000000e+00     2.0800336014e-02     0.0000000000e+00
   20.000000    -0.0000000000e+00     1.6977215097e-02    -0.0000000000e+00
   20.050000     0.0000000000e+00     1.4526476649e-02     0.0000000000e+00
   20.100000     0.0000000000e+00     1.4346501887e-02     0.0000000000e+00
   20.150000     0.0000000000e+00     1.4736774484e-02     0.0000000000e+00
   20.200000    -0.0000000000e+00     1.4597058264e-02     0.0000000000e+00
   20.250000    -0.0000000000e+00     1.5612409257e-02     0.0000000000e+00
   20.300000     0.0000000000e+00     1.7224511715e-02     0.0000000000e+00
   20.350000     0.0000000000e+00     1.8553932045e-02     0.0000000000e+00
   20.400000     0.0000000000e+00     1.9036060314e-02    -0.0000000000e+00
   20.450000     0.0000000000e+00     1.6725338101e-02    -0.0000000000e+00
   20.500000     0.0000000000e+00     1.2647811663e-02    -0.0000000000e+00
   20.550000     0.0000000000e+00     1.0784182680e-02    -0.0000000000e+00
   20.600000     0.0000000000e+00     1.1097170102e-02    -0.0000000000e+00
   20.650000    -0.0000000000e+00     1.1538984996e-02     0.0000000000e+00
   20.700000     0.0000000000e+00     1.2562036710e-02     0.0000000000e+00
   20.750000     0.0000000000e+00     1.4532226791e-02     0.0000000000e+00
   20.800000     0.0000000000e+00     1.6400805941e-02     0.0000000000e+00
   20.850000    -0.0000000000e+00     1.5352747265e-02     0.0000000000e+00
   20.900000    -0.0000000000e+00     1.2618446739e-02     0.0000000000e+00
   20.950000    -0.0000000000e+00     1.2259601495e-02     0.0000000000e+00
   21.000000     0.0000000000e+00     1.4239837824e-02     0.0000000000e+00
   21.050000     0.0000000000e+00     1.4743359228e-02     0.0000000000e+00
   21.100000     0.0000000000e+00     1.3607345777e-02     0.0000000000e+00
   21.150000     0.0000000000e+00     1.3092589908e-02     0.0000000000e+00
   21.200000     0.0000000000e+00     1.3332596343e-02     0.0000000000e+00
   21.250000     0.0000000000e+00     1.3502422410e-02     0.0000000000e+00
   21.300000    -0.0000000000e+00     1.3682368307e-02     0.0000000000e+00
   21.350000     0.0000000000e+00     1.4206718730e-02     0.0000000000e+00
   21.400000     0.0000000000e+00     1.3438604257e-02     0.0000000000e+00
   21.450000     0.0000000000e+00     1.2961336559e-02     0.0000000000e+00
   21.500000     0.0000000000e+00     1.4164719803e-02     0.0000000000e+00
   21.550000     0.0000000000e+00     1.5130221605e-02     0.0000000000e+00
   21.600000     0.0000000000e+00     1.4771773612e-02     0.0000000000e+00
   21.650000     0.0000000000e+00     1.3976245571e-02     0.0000000000e+00
   21.700000    -0.0000000000e+00     1.2915379459e-02     0.0000000000e+00
   21.750000    -0.0000000000e+00     1.1235690636e-02     0.0000000000e+00
   21.800000    -0.0000000000e+00     1.0165391217e-02    -0.0000000000e+00
   21.850000    -0.0000000000e+00     1.0340609864e-02    -0.0000000000e+00
   21.900000     0.0000000000e+00     1.0536427956e-02     0.0000000000e+00
   21.950000     0.0000000000e+00     9.5768804813e-03     0.0000000000e+00
   22.000000     0.0000000000e+00     8.8947648360e-03     0.0000000000e+00
   22.050000     0.0000000000e+00     9.6612059009e-03     0.0000000000e+00
   22.100000     0.0000000000e+00     1.1604709926e-02     0.0000000000e+00
   22.150000     0.0000000000e+00     1.3231737117e-02     0.0000000000e+00
   22.200000     0.0000000000e+00     1.4098073573e-02     0.0000000000e+00
   22.250000    -0.0000000000e+00     1.4282591282e-02     0.0000000000e+00
   22.300000    -0.0000000000e+00     1.2704616287e-02     0.0000000000e+00
   22.350000     0.0000000000e+00     9.9488344097e-03     0.0000000000e+00
   22.400000     0.0000000000e+00     8.0575224677e-03     0.0000000000e+00
   22.450000     0.0000000000e+00     8.3275379311e-03     0.0000000000e+00
   22.500000     0.0000000000e+00     9.5304269550e-03     0.0000000000e+00
   22.550000     0.0000000000e+00     1.0501712920e-02    -0.0000000000e+00
   22.600000     0.0000000000e+00     1.1520163377e-02    -0.0000000000e+00
   22.650000     0.0000000000e+00     1.3085555369e-02    -0.0000000000e+00
   22.700000    -0.0000000000e+00     1.3641805362e-02     0.0000000000e+00
   22.750000    -0.0000000000e+00     1.2830744717e-02    -0.0000000000e+00
   22.800000    -0.0000000000e+00     1.1853974873e-02    -0.0000000000e+00
   22.850000     0.0000000000e+00     1.0878629569e-02    -0.0000000000e+00
   22.900000     0.0000000000e+00     1.0282913187e-02    -0.0000000000e+00
   22.950000     0.0000000000e+00     1.1998759901e-02    -0.0000000000e+00
   23.000000     0.0000000000e+00     1.6490127111e-02     0.0000000000e+00
   23.050000     0.0000000000e+00     1.9487205024e-02     0.0000000000e+00
   23.100000    -0.0000000000e+00     1.8280559743e-02     0.0000000000e+00
   23.150000    -0.0000000000e+00     1.5269080576e-02     0.0000000000e+00
   23.200000     0.0000000000e+00     1.3015052593e-02     0.0000000000e+00
   23.250000     0.0000000000e+00     1.1935003594e-02     0.0000000000e+00
   23.300000     0.0000000000e+00     1.1842330695e-02     0.0000000000e+00
   23.350000     0.0000000000e+00     1.2072805651e-02     0.0000000000e+00
   23.400000     0.0000000000e+00     1.3112720139e-02     0.0000000000e+00
   23.450000     0.0000000000e+00     1.5041469701e-02     0.0000000000e+00
   23.500000     0.0000000000e+00     1.5768210375e-02     0.0000000000e+00
   23.550000     0.0000000000e+00     1.5321506984e-02     0.0000000000e+00
   23.600000     0.0000000000e+00     1.4957248860e-02     0.0000000000e+00
   23.650000     0.0000000000e+00     1.4574994390e-02     0.0000000000e+00
   23.700000     0.0000000000e+00     1.3660173057e-02     0.0000000000e+00
   23.750000     0.0000000000e+00     1.2965651218e-02     0.0000000000e+00
   23.800000    -0.0000000000e+00     1.2568268534e-02     0.0000000000e+00
   23.850000    -0.0000000000e+00     1.1440484066e-02     0.0000000000e+00
   23.900000    -0.0000000000e+00     9.4592536344e-03     0.0000000000e+00
   23.950000     0.0000000000e+00     8.1188651019e-03     0.0000000000e+00
   24.000000     0.0000000000e+00     8.4027829069e-03    -0.0000000000e+00
   24.050000     0.0000000000e+00     9.6130575289e-03     0.0000000000e+00
   24.100000     0.0000000000e+00     1.0857002943e-02     0.0000000000e+00
   24.150000     0.0000000000e+00     1.2264580782e-02     0.0000000000e+00
   24.200000     0.0000000000e+00     1.4164972288e-02     0.0000000000e+00
   24.250000     0.0000000000e+00     1.5156250097e-02     0.0000000000e+00
   24.300000     0.0000000000e+00     1.4997233237e-02    -0.0000000000e+00
   24.350000     0.0000000000e+00     1.4501466831e-02    -0.0000000000e+00
   24.400000     0.0000000000e+00     1.4233401114e-02    -0.0000000000e+00
   24.450000    -0.0000000000e+00     1.3957831117e-02    -0.0000000000e+00
   24.500000    -0.0000000000e+00     1.3238129102e-02     0.0000000000e+00
   24.550000    -0.0000000000e+00     1.2521093173e-02     0.0000000000e+00
   24.600000    -0.0000000000e+00     1.1747381339e-02     0.0000000000e+00
   24.650000    -0.0000000000e+00     1.1267397976e-02     0.0000000000e+00
   24.700000     0.0000000000e+00     1.1354905070e-02     0.0000000000e+00
   24.750000     0.0000000000e+00     1.1487661189e-02     0.0000000000e+00
   24.800000     0.0000000000e+00     1.1105965347e-02     0.0000000000e+00
   24.850000     0.0000000000e+00     1.0614597061e-02     0.0000000000e+00
   24.900000    -0.0000000000e+00     9.8786476393e-03    -0.0000000000e+00
   24.950000    -0.0000000000e+00     8.8034901407e-03    -0.0000000000e+00
   25.000000     0.0000000000e+00     7.5156908498e-03    -0.0000000000e+00
   25.050000     0.0000000000e+00     6.9456054309e-03     0.0000000000e+00
   25.100000     0.0000000000e+00     8.2238389061e-03     0.0000000000e+00
   25.150000     0.0000000000e+00     1.0873931623e-02     0.0000000000e+00
   25.200000     0.0000000000e+00     1.2521345686e-02     0.0000000000e+00
   25.250000     0.0000000000e+00     1.2102181952e-02     0.0000000000e+00
   25.300000    -0.0000000000e+00     1.1128150620e-02     0.0000000000e+00
   25.350000    -0.0000000000e+00     9.8011975863e-03     0.0000000000e+00
   25.400000     0.0000000000e+00     8.7450989229e-03     0.0000000000e+00
   25.450000     0.0000000000e+00     8.8663980556e-03    -0.0000000000e+00
   25.500000    -0.0000000000e+00     9.8706900085e-03    -0.0000000000e+00
   25.550000     0.0000000000e+00     1.0368182845e-02    -0.0000000000e+00
   25.600000     0.0000000000e+00     1.0355653568e-02     0.0000000000e+00
   25.650000     0.0000000000e+00     1.0672864378e-02     0.0000000000e+00
   25.700000     0.0000000000e+00     1.1347445916e-02     0.0000000000e+00
   25.750000     0.0000000000e+00     1.2329266261e-02     0.0000000000e+00
   25.800000    -0.0000000000e+00     1.3100668231e-02     0.0000000000e+00
   25.850000    -0.0000000000e+00     1.3133407775e-02     0.0000000000e+00
   25.900000     0.0000000000e+00     1.2165276762e-02     0.0000000000e+00
   25.950000     0.0000000000e+00     1.1152123525e-02     0.0000000000e+00
   26.000000     0.0000000000e+00     9.9415646738e-03     0.0000000000e+00
   26.050000     0.0000000000e+00     8.6377547452e-03     0.0000000000e+00
   26.100000     0.0000000000e+00     8.4645160628e-03     0.0000000000e+00
   26.150000     0.0000000000e+00     1.0635168963e-02     0.0000000000e+00
   26.200000     0.0000000000e+00     1.4430964905e-02     0.0000000000e+00
   26.250000     0.0000000000e+00     1.7079204623e-02     0.0000000000e+00
   26.300000     0.0000000000e+00     1.6977334829e-02    -0.0000000000e+00
   26.350000     0.0000000000e+00     1.5000516152e-02     0.0000000000e+00
   26.400000     0.0000000000e+00     1.2808701304e-02     0.0000000000e+00
   26.450000     0.0000000000e+00     1.1659642027e-02     0.0000000000e+00
   26.500000     0.0000000000e+00     1.2142150915e-02     0.0000000000e+00
   26.550000     0.0000000000e+00     1.3150962495e-02    -0.0000000000e+00
   26.600000     0.0000000000e+00     1.3964883494e-02    -0.0000000000e+00
   26.650000     0.0000000000e+00     1.4787549320e-02     0.0000000000e+00
   26.700000    -0.0000000000e+00     1.5057795421e-02     0.0000000000e+00
   26.750000    -0.0000000000e+00     1.3874932604e-02     0.0000000000e+00
   26.800000    -0.0000000000e+00     1.1887222391e-02     0.0000000000e+00
   26.850000    -0.0000000000e+00     1.0933667672e-02     0.0000000000e+00
   26.900000    -0.0000000000e+00     1.0914083471e-02     0.0000000000e+00
   26.950000    -0.0000000000e+00     1.0165920003e-02     0.0000000000e+00
   27.000000    -0.0000000000e+00     8.7424108308e-03    -0.0000000000e+00
   27.050000    -0.0000000000e+00     8.5056338906e-03    -0.0000000000e+00
   27.100000     0.0000000000e+00     9.5380053975e-03     0.0000000000e+00
   27.150000     0.0000000000e+00     1.0589750130e-02     0.0000000000e+00
   27.200000    -0.0000000000e+00     1.0794375679e-02    -0.0000000000e+00
   27.250000     0.0000000000e+00     1.0537319627e-02    -0.0000000000e+00
   27.300000     0.0000000000e+00     1.0460971693e-02    -0.0000000000e+00
   27.350000     0.0000000000e+00     1.0759781646e-02     0.0000000000e+00
   27.400000     0.0000000000e+00     1.0977487416e-02     0.0000000000e+00
   27.450000     0.0000000000e+00     1.1146124955e-02     0.0000000000e+00
   27.500000     0.0000000000e+00     1.1023087917e-02     0.0000000000e+00
   27.550000     0.0000000000e+00     1.0130202349e-02     0.0000000000e+00
   27.600000     0.0000000000e+00     9.4730229717e-03     0.0000000000e+00
   27.650000     0.0000000000e+00     8.7722283179e-03     0.0000000000e+00
   27.700000    -0.0000000000e+00     8.5012458265e-03     0.0000000000e+00
   27.750000    -0.0000000000e+00     9.1052926618e-03     0.0000000000e+00
   27.800000     0.0000000000e+00     9.7674046644e-03     0.0000000000e+00
   27.850000     0.0000000000e+00     9.4593042453e-03     0.0000000000e+00
   27.900000     0.0000000000e+00     8.3744698593e-03     0.0000000000e+00
   27.950000     0.0000000000e+00     7.8363442581e-03     0.0000000000e+00
   28.000000     0.0000000000e+00     8.5438095872e-03     0.0000000000e+00
   28.050000     0.0000000000e+00     1.0115048021e-02     0.0000000000e+00
   28.100000     0.0000000000e+00     1.1562107445e-02     0.0000000000e+00
   28.150000     0.0000000000e+00     1.2219194899e-02     0.0000000000e+00
   28.200000    -0.0000000000e+00     1.1709422611e-02     0.0000000000e+00
   28.250000    -0.0000000000e+00     1.1189166231e-02     0.0000000000e+00
   28.300000    -0.0000000000e+00     1.0923924270e-02     0.0000000000e+00
   28.350000    -0.0000000000e+00     1.0498272104e-02     0.0000000000e+00
   28.400000     0.0000000000e+00     9.9936698883e-03     0.0000000000e+00
   28.450000     0.0000000000e+00     9.4613880022e-03    -0.0000000000e+00
   28.500000     0.0000000000e+00     8.9639903662e-03     0.0000000000e+00
   28.550000     0.0000000000e+00     9.1894229338e-03     0.0000000000e+00
   28.600000     0.0000000000e+00     9.8667289680e-03     0.0000000000e+00
   28.650000     0.0000000000e+00     9.2044483409e-03     0.0000000000e+00
   28.700000     0.0000000000e+00     7.8958242088e-03     0.0000000000e+00
   28.750000     0.0000000000e+00     7.8708380569e-03     0.0000000000e+00
   28.800000     0.0000000000e+00     9.3339027250e-03    -0.0000000000e+00
   28.850000     0.0000000000e+00     1.0770280362e-02    -0.0000000000e+00
   28.900000     0.0000000000e+00     1.1811238206e-02    -0.0000000000e+00
   28.950000     0.0000000000e+00     1.2954572839e-02     0.0000000000e+00
   29.000000     0.0000000000e+00     1.3700277021e-02     0.0000000000e+00
   29.050000    -0.0000000000e+00     1.2787525171e-02     0.0000000000e+00
   29.100000    -0.0000000000e+00     1.1586367249e-02     0.0000000000e+00
   29.150000    -0.0000000000e+00     1.2415942467e-02     0.0000000000e+00
   29.200000     0.0000000000e+00     1.3818395138e-02     0.0000000000e+00
   29.250000     0.0000000000e+00     1.3444457536e-02     0.0000000000e+00
   29.300000     0.0000000000e+00     1.2011876172e-02     0.0000000000e+00
   29.350000     0.0000000000e+00     1.1216453156e-02     0.0000000000e+00
   29.400000     0.0000000000e+00     1.0333255822e-02     0.0000000000e+00
   29.450000     0.0000000000e+00     9.5385722377e-03     0.0000000000e+00
   29.500000     0.0000000000e+00     9.6560323056e-03     0.0000000000e+00
   29.550000     0.0000000000e+00     1.0855514731e-02     0.0000000000e+00
   29.600000     0.0000000000e+00     1.2813396657e-02    -0.0000000000e+00
   29.650000     0.0000000000e+00     1.3927906809e-02    -0.0000000000e+00
   29.700000     0.0000000000e+00     1.2895193615e-02    -0.0000000000e+00
   29.750000     0.0000000000e+00     1.0956439260e-02     0.0000000000e+00
   29.800000     0.0000000000e+00     9.3590161877e-03     0.0000000000e+00
   29.850000    -0.0000000000e+00     8.1053529982e-03     0.0000000000e+00
   29.900000    -0.0000000000e+00     7.9214317514e-03     0.0000000000e+00
   29.950000     0.0000000000e+00     8.5123152028e-03    -0.0000000000e+00
   30.000000     0.0000000000e+00     9.4824076647e-03     0.0000000000e+00
